month,date,variant,cutoff_month,remaining_reserves_start_msm3oe,production_forecast_msm3oe,remaining_reserves_end_msm3oe,production_was_clipped,fuel_gas_forecast_msm3,fuel_gas_forecast_sm3,fuel_forecast_method,fuel_source_field,fuel_zero_from_month,fuel_zero_override_applied,production_forecast_msm3oe_q10,production_forecast_msm3oe_q30,production_forecast_msm3oe_q50,production_forecast_msm3oe_q70,production_forecast_msm3oe_q90,fuel_gas_forecast_msm3_q10,fuel_gas_forecast_msm3_q30,fuel_gas_forecast_msm3_q50,fuel_gas_forecast_msm3_q70,fuel_gas_forecast_msm3_q90,remaining_reserves_end_msm3oe_q10,remaining_reserves_end_msm3oe_q30,remaining_reserves_end_msm3oe_q50,remaining_reserves_end_msm3oe_q70,remaining_reserves_end_msm3oe_q90
2026-04,2026-04-01,global_mlp,2026-03,2.3093009999999996,0.0266047278419137,2.2826961278915405,False,0.0,0.0,external_power_zero,Ekofisk,,False,0.018112771213054657,0.02331816330552101,0.0266047278419137,0.029964758642017825,0.038530907407402996,0.0,0.0,0.0,0.0,0.0,2.270770001411438,2.279336142539978,2.2826961278915405,2.2859827518463134,2.29118812084198
2026-05,2026-05-01,global_mlp,2026-03,2.3093009999999996,0.026804106310009956,2.255574345588684,False,0.0,0.0,external_power_zero,Ekofisk,,False,0.017501771077513696,0.02318052053451538,0.026804106310009956,0.03064492661505937,0.03950230032205583,0.0,0.0,0.0,0.0,0.0,2.234282398223877,2.249359965324402,2.255574345588684,2.263187313079834,2.2716553449630736
2026-06,2026-06-01,global_mlp,2026-03,2.3093009999999996,0.026956730522215366,2.229696273803711,False,0.0,0.0,external_power_zero,Ekofisk,,False,0.018544736690819262,0.023573694378137586,0.026956730522215366,0.0309104785323143,0.038790228962898264,0.0,0.0,0.0,0.0,0.0,2.1954052209854127,2.218532752990723,2.229696273803711,2.239893078804016,2.2535287141799927
2026-07,2026-07-01,global_mlp,2026-03,2.3093009999999996,0.025640680454671383,2.2056368589401245,False,0.0,0.0,external_power_zero,Ekofisk,,False,0.01687810104340315,0.022362479753792287,0.025640680454671383,0.029979626648128033,0.0387754812836647,0.0,0.0,0.0,0.0,0.0,2.1592229127883913,2.1900729179382323,2.2056368589401245,2.2185125589370727,2.233077788352966
2026-08,2026-08-01,global_mlp,2026-03,2.3093009999999996,0.023896917700767517,2.1810758113861084,False,0.0,0.0,external_power_zero,Ekofisk,,False,0.015130846854299307,0.019749557599425316,0.023896917700767517,0.02773355562239885,0.036936416104435925,0.0,0.0,0.0,0.0,0.0,2.125533199310303,2.1634339332580566,2.1810758113861084,2.197373557090759,2.2161345958709715
2026-09,2026-09-01,global_mlp,2026-03,2.3093009999999996,0.02555521111935377,2.1570314168930054,False,0.0,0.0,external_power_zero,Ekofisk,,False,0.01543416129425168,0.021669244952499868,0.02555521111935377,0.030410140193998812,0.039052101224660886,0.0,0.0,0.0,0.0,0.0,2.088915753364563,2.134729433059692,2.1570314168930054,2.1778016567230223,2.199206328392029
2026-10,2026-10-01,global_mlp,2026-03,2.3093009999999996,0.027003342285752296,2.1275784969329834,False,0.0,0.0,external_power_zero,Ekofisk,,False,0.016311560198664667,0.022268482297658918,0.027003342285752296,0.03157452680170536,0.04070211909711361,0.0,0.0,0.0,0.0,0.0,2.0508325576782225,2.1035884857177733,2.1275784969329834,2.1548962593078613,2.183422636985779
2026-11,2026-11-01,global_mlp,2026-03,2.3093009999999996,0.028917760588228703,2.0993839502334595,False,0.0,0.0,external_power_zero,Ekofisk,,False,0.017707070149481297,0.02361651826649904,0.028917760588228703,0.034212915226817124,0.04411924891173839,0.0,0.0,0.0,0.0,0.0,2.013549971580505,2.071017694473267,2.0993839502334595,2.1306535482406614,2.1652172088623045
2026-12,2026-12-01,global_mlp,2026-03,2.3093009999999996,0.027547504752874374,2.0716248750686646,False,0.0,0.0,external_power_zero,Ekofisk,,False,0.016815204545855524,0.023291140235960482,0.027547504752874374,0.032601157948374745,0.04400563985109329,0.0,0.0,0.0,0.0,0.0,1.9710694789886474,2.039617156982422,2.0716248750686646,2.1090015172958374,2.147715663909912
2027-01,2027-01-01,global_mlp,2026-03,2.3093009999999996,0.027359336614608765,2.0448853969573975,False,0.0,0.0,external_power_zero,Ekofisk,,False,0.01611280646175146,0.022652695886790752,0.027359336614608765,0.0336662583053112,0.04463294595479965,0.0,0.0,0.0,0.0,0.0,1.9273853182792664,2.0068674325942992,2.0448853969573975,2.0866057157516478,2.1266883611679077
2027-02,2027-02-01,global_mlp,2026-03,2.3093009999999996,0.026219390332698822,2.0175533294677734,False,0.0,0.0,external_power_zero,Ekofisk,,False,0.013283513952046633,0.02130058631300926,0.026219390332698822,0.03156953044235704,0.04246488921344282,0.0,0.0,0.0,0.0,0.0,1.8871981501579285,1.9770889163017273,2.0175533294677734,2.0661448955535886,2.1046380758285523
2027-03,2027-03-01,global_mlp,2026-03,2.3093009999999996,0.024634897708892822,1.998740792274475,False,0.0,0.0,external_power_zero,Ekofisk,,False,0.0121141635812819,0.019636767357587813,0.024634897708892822,0.029993993975222098,0.04333925507962704,0.0,0.0,0.0,0.0,0.0,1.847553026676178,1.9449805736541748,1.998740792274475,2.0474113702774046,2.087513256072998
2027-04,2027-04-01,global_mlp,2026-03,2.3093009999999996,0.023483709432184696,1.9727907180786133,False,0.0,0.0,external_power_zero,Ekofisk,,False,0.012475304491817952,0.018225207924842834,0.023483709432184696,0.030014753341674805,0.048408870026469236,0.0,0.0,0.0,0.0,0.0,1.813900065422058,1.9158924221992493,1.9727907180786133,2.0244932174682617,2.068112373352051
2027-05,2027-05-01,global_mlp,2026-03,2.3093009999999996,0.022917223162949085,1.9450828433036804,False,0.0,0.0,external_power_zero,Ekofisk,,False,0.011952170357108117,0.01845609340816736,0.022917223162949085,0.031039126589894276,0.05702883899211887,0.0,0.0,0.0,0.0,0.0,1.7511630892753602,1.885715937614441,1.9450828433036804,2.0045185804367067,2.051265072822571
2027-06,2027-06-01,global_mlp,2026-03,2.3093009999999996,0.02315898984670639,1.9194849133491516,False,0.0,0.0,external_power_zero,Ekofisk,,False,0.012281339429318906,0.018733295425772668,0.02315898984670639,0.02971508987247944,0.054833187162876176,0.0,0.0,0.0,0.0,0.0,1.6989052295684814,1.8562842011451721,1.9194849133491516,1.9823014855384826,2.035442090034485
2027-07,2027-07-01,global_mlp,2026-03,2.3093009999999996,0.021776852197945118,1.898471713066101,False,0.0,0.0,external_power_zero,Ekofisk,,False,0.0102272710762918,0.01717633567750454,0.021776852197945118,0.027574635855853555,0.053545683622360264,0.0,0.0,0.0,0.0,0.0,1.6571075320243835,1.826713216304779,1.898471713066101,1.9631050944328308,2.022373080253601
2027-08,2027-08-01,global_mlp,2026-03,2.3093009999999996,0.019940593279898167,1.87777841091156,False,0.0,0.0,external_power_zero,Ekofisk,,False,0.009538400825113058,0.015149894636124372,0.019940593279898167,0.02662998419255018,0.05121344141662123,0.0,0.0,0.0,0.0,0.0,1.5915361285209657,1.8000680685043335,1.87777841091156,1.9451098322868348,2.008585810661316
2027-09,2027-09-01,global_mlp,2026-03,2.3093009999999996,0.02109340764582157,1.8573033213615417,False,0.0,0.0,external_power_zero,Ekofisk,,False,0.009370674472302198,0.016898362338542937,0.02109340764582157,0.02703539431095123,0.04929363504052164,0.0,0.0,0.0,0.0,0.0,1.550860345363617,1.7723597526550292,1.8573033213615417,1.923949408531189,1.9956744194030762
2027-10,2027-10-01,global_mlp,2026-03,2.3093009999999996,0.021449497900903225,1.8380051851272583,False,0.0,0.0,external_power_zero,Ekofisk,,False,0.009145156759768727,0.016561848670244215,0.021449497900903225,0.027895221672952174,0.050756645947694794,0.0,0.0,0.0,0.0,0.0,1.466610884666443,1.7459559440612793,1.8380051851272583,1.9052533268928529,1.979588222503662
2027-11,2027-11-01,global_mlp,2026-03,2.3093009999999996,0.023551219142973423,1.8139356970787048,False,0.0,0.0,external_power_zero,Ekofisk,,False,0.010441928636282682,0.018036087043583393,0.023551219142973423,0.030243670754134654,0.05541107095777989,0.0,0.0,0.0,0.0,0.0,1.4143951296806336,1.7178521990776061,1.8139356970787048,1.8838610649108884,1.9670827746391297
2027-12,2027-12-01,global_mlp,2026-03,2.3093009999999996,0.02192476950585842,1.7920448780059814,False,0.0,0.0,external_power_zero,Ekofisk,,False,0.008300758246332408,0.016686803475022317,0.02192476950585842,0.02903225850313901,0.05031205192208293,0.0,0.0,0.0,0.0,0.0,1.351366639137268,1.6866525173187257,1.7920448780059814,1.8661643028259276,1.9549825072288514
2028-01,2028-01-01,global_mlp,2026-03,2.3093009999999996,0.022149624302983284,1.7706086039543152,False,0.0,0.0,external_power_zero,Ekofisk,,False,0.009380882605910303,0.01631507538259029,0.022149624302983284,0.028805442899465548,0.052381041273474746,0.0,0.0,0.0,0.0,0.0,1.3035816550254822,1.6530408143997193,1.7706086039543152,1.8450211524963378,1.9416496276855468
2028-02,2028-02-01,global_mlp,2026-03,2.3093009999999996,0.020870217122137547,1.750122845172882,False,0.0,0.0,external_power_zero,Ekofisk,,False,0.007537774788215757,0.016087883338332176,0.020870217122137547,0.028239439614117144,0.050411924719810486,0.0,0.0,0.0,0.0,0.0,1.2253732681274414,1.6277697801589965,1.750122845172882,1.8271516323089598,1.9283422708511353
2028-03,2028-03-01,global_mlp,2026-03,2.3093009999999996,0.02050909586250782,1.730179250240326,False,0.0,0.0,external_power_zero,Ekofisk,,False,0.005816248478367926,0.015023648552596568,0.02050909586250782,0.02808073386549949,0.049489707127213484,0.0,0.0,0.0,0.0,0.0,1.164887499809265,1.604443097114563,1.730179250240326,1.8091774702072143,1.9207125186920166
2028-04,2028-04-01,global_mlp,2026-03,2.3093009999999996,0.02013518288731575,1.7091692686080933,False,0.0,0.0,external_power_zero,Ekofisk,,False,0.00905058067291975,0.01522087687626481,0.02013518288731575,0.026817169785499567,0.044766407832503324,0.0,0.0,0.0,0.0,0.0,1.105325245857239,1.584147310256958,1.7091692686080933,1.7929255485534668,1.9045576333999634
2028-05,2028-05-01,global_mlp,2026-03,2.3093009999999996,0.020467480644583702,1.687289535999298,False,0.0,0.0,external_power_zero,Ekofisk,,False,0.008523716032505036,0.015016745962202547,0.020467480644583702,0.026534834690392,0.04355332143604756,0.0,0.0,0.0,0.0,0.0,1.0471043825149537,1.5527699828147887,1.687289535999298,1.774509024620056,1.8832796454429628
2028-06,2028-06-01,global_mlp,2026-03,2.3093009999999996,0.01997902523726225,1.669036090373993,False,0.0,0.0,external_power_zero,Ekofisk,,False,0.008009659219533205,0.014496142603456974,0.01997902523726225,0.025929123349487774,0.04484767206013204,0.0,0.0,0.0,0.0,0.0,0.9809894859790802,1.5248714089393616,1.669036090373993,1.7586665987968444,1.867835319042206
2028-07,2028-07-01,global_mlp,2026-03,2.3093009999999996,0.01839089673012495,1.64576917886734,False,0.0,0.0,external_power_zero,Ekofisk,,False,0.005572751676663757,0.013394965883344412,0.01839089673012495,0.02495470941066742,0.041930900886654854,0.0,0.0,0.0,0.0,0.0,0.9148872256278991,1.4968560934066772,1.64576917886734,1.7426550030708312,1.8574390769004823
2028-08,2028-08-01,global_mlp,2026-03,2.3093009999999996,0.01739606913179159,1.6279188990592957,False,0.0,0.0,external_power_zero,Ekofisk,,False,0.005304425628855825,0.012467720173299312,0.01739606913179159,0.023650727048516274,0.03943912647664548,0.0,0.0,0.0,0.0,0.0,0.8483759224414825,1.4706729769706726,1.6279188990592957,1.7279607057571411,1.8457168221473694
2028-09,2028-09-01,global_mlp,2026-03,2.3093009999999996,0.017899918369948864,1.6079975962638855,False,0.0,0.0,external_power_zero,Ekofisk,,False,0.006317797536030412,0.013177435658872126,0.017899918369948864,0.023682651482522472,0.040316818654537206,0.0,0.0,0.0,0.0,0.0,0.7898209035396577,1.4484203100204467,1.6079975962638855,1.7098771929740906,1.8357056379318237
2028-10,2028-10-01,global_mlp,2026-03,2.3093009999999996,0.018112756311893463,1.5853101015090942,False,0.0,0.0,external_power_zero,Ekofisk,,False,0.0028116057161241773,0.012608315143734214,0.018112756311893463,0.023713616468012334,0.039521074295043944,0.0,0.0,0.0,0.0,0.0,0.7153514564037323,1.4281530618667602,1.5853101015090942,1.6931132912635802,1.8249024033546448
2028-11,2028-11-01,global_mlp,2026-03,2.3093009999999996,0.020869861356914043,1.5619885325431824,False,0.0,0.0,external_power_zero,Ekofisk,,False,0.0051886835135519505,0.014522837754338979,0.020869861356914043,0.02605766113847494,0.04076316319406033,0.0,0.0,0.0,0.0,0.0,0.6467890202999116,1.396386444568634,1.5619885325431824,1.6697262167930602,1.8132283687591555
2028-12,2028-12-01,global_mlp,2026-03,2.3093009999999996,0.019581724889576435,1.5410985350608826,False,0.0,0.0,external_power_zero,Ekofisk,,False,0.0036651694914326075,0.013174124713987111,0.019581724889576435,0.024471077695488924,0.037436110898852355,0.0,0.0,0.0,0.0,0.0,0.5913776993751526,1.378822648525238,1.5410985350608826,1.6494553685188293,1.8023272395133974
2029-01,2029-01-01,global_mlp,2026-03,2.3093009999999996,0.018129568547010422,1.5237153768539429,False,0.0,0.0,external_power_zero,Ekofisk,,False,0.002119707583915444,0.012712045665830373,0.018129568547010422,0.024015640094876282,0.03832387402653695,0.0,0.0,0.0,0.0,0.0,0.5327692210674289,1.3517264008522032,1.5237153768539429,1.634386074542999,1.787049436569214
2029-02,2029-02-01,global_mlp,2026-03,2.3093009999999996,0.017548981122672558,1.5004718899726868,False,0.0,0.0,external_power_zero,Ekofisk,,False,0.0,0.012100671883672474,0.017548981122672558,0.02395657654851675,0.03726805485785008,0.0,0.0,0.0,0.0,0.0,0.48052772283554107,1.3275139093399047,1.5004718899726868,1.6172911882400511,1.777902889251709
2029-03,2029-03-01,global_mlp,2026-03,2.3093009999999996,0.01650930568575859,1.479846179485321,False,0.0,0.0,external_power_zero,Ekofisk,,False,0.0,0.011279211379587649,0.01650930568575859,0.02236937955021858,0.03653023876249791,0.0,0.0,0.0,0.0,0.0,0.4248337149620057,1.3074302911758422,1.479846179485321,1.6046316623687744,1.7707933068275452
2029-04,2029-04-01,global_mlp,2026-03,2.3093009999999996,0.016753233037889004,1.4598810076713562,False,0.0,0.0,external_power_zero,Ekofisk,,False,0.004304513661190867,0.01196574168279767,0.016753233037889004,0.021844539046287536,0.03445729576051236,0.0,0.0,0.0,0.0,0.0,0.32626304328441635,1.2873926758766174,1.4598810076713562,1.5855167865753175,1.7594732642173767
2029-05,2029-05-01,global_mlp,2026-03,2.3093009999999996,0.01690543070435524,1.440669298171997,False,0.0,0.0,external_power_zero,Ekofisk,,False,0.0013975500478409263,0.012489461991935968,0.01690543070435524,0.022248855605721467,0.03588480651378632,0.0,0.0,0.0,0.0,0.0,0.30814537405967746,1.2464456796646117,1.440669298171997,1.5656867384910582,1.7497717022895813
2029-06,2029-06-01,global_mlp,2026-03,2.3093009999999996,0.01586538553237915,1.42158043384552,False,0.0,0.0,external_power_zero,Ekofisk,,False,0.0,0.0111700601875782,0.01586538553237915,0.02154435161501169,0.03727602660655976,0.0,0.0,0.0,0.0,0.0,0.28793752342462586,1.229777133464813,1.42158043384552,1.55045108795166,1.7379978775978089
2029-07,2029-07-01,global_mlp,2026-03,2.3093009999999996,0.015036567114293575,1.4018530249595642,False,0.0,0.0,external_power_zero,Ekofisk,,False,0.0,0.010838994942605495,0.015036567114293575,0.020706901699304576,0.03648860864341259,0.0,0.0,0.0,0.0,0.0,0.26969168782234243,1.2056811451911926,1.4018530249595642,1.5365023851394652,1.7160208821296694
2029-08,2029-08-01,global_mlp,2026-03,2.3093009999999996,0.013769071083515882,1.3784534931182861,False,0.0,0.0,external_power_zero,Ekofisk,,False,0.0,0.009797444846481084,0.013769071083515882,0.018994486518204207,0.03201173767447472,0.0,0.0,0.0,0.0,0.0,0.16145251691341428,1.1695786714553833,1.3784534931182861,1.521265959739685,1.699357628822327
2029-09,2029-09-01,global_mlp,2026-03,2.3093009999999996,0.0149030527099967,1.3625600934028625,False,0.0,0.0,external_power_zero,Ekofisk,,False,0.0,0.010391160007566213,0.0149030527099967,0.02069444078952074,0.03600105419754983,0.0,0.0,0.0,0.0,0.0,0.0629566587507726,1.1454016089439392,1.3625600934028625,1.5096694469451903,1.6877974033355718
2029-10,2029-10-01,global_mlp,2026-03,2.3093009999999996,0.01593112200498581,1.3375719785690308,False,0.0,0.0,external_power_zero,Ekofisk,,False,0.0,0.010295017529278994,0.01593112200498581,0.021919429115951062,0.035693117231130604,0.0,0.0,0.0,0.0,0.0,0.029906503111124198,1.1212108850479126,1.3375719785690308,1.4988036751747131,1.6774353146553045
2029-11,2029-11-01,global_mlp,2026-03,2.3093009999999996,0.016642950475215912,1.3155715465545654,False,0.0,0.0,external_power_zero,Ekofisk,,False,0.0,0.011521099787205457,0.016642950475215912,0.023082125745713708,0.03709018267691136,0.0,0.0,0.0,0.0,0.0,0.028035908751189886,1.0922024607658385,1.3155715465545654,1.4799166560173034,1.6684518337249759
2029-12,2029-12-01,global_mlp,2026-03,2.3093009999999996,0.01590644847601652,1.2941375970840454,False,0.0,0.0,external_power_zero,Ekofisk,,False,0.0,0.010075982939451932,0.01590644847601652,0.022119124233722684,0.03532673306763173,0.0,0.0,0.0,0.0,0.0,0.0010597106069326467,1.0614553451538085,1.2941375970840454,1.4661376237869261,1.663265657424927
2030-01,2030-01-01,global_mlp,2026-03,2.3093009999999996,0.01572923269122839,1.2715929746627808,False,0.0,0.0,external_power_zero,Ekofisk,,False,0.0,0.010049027297645806,0.01572923269122839,0.022414993122220034,0.03667782321572304,0.0,0.0,0.0,0.0,0.0,0.0,1.0316147565841673,1.2715929746627808,1.4511490345001221,1.6580880403518679
2030-02,2030-02-01,global_mlp,2026-03,2.3093009999999996,0.015224334318190813,1.2515218257904053,False,0.0,0.0,external_power_zero,Ekofisk,,False,0.0,0.009294762276113032,0.015224334318190813,0.021051944606006144,0.034073285013437274,0.0,0.0,0.0,0.0,0.0,0.0,1.0041854858398438,1.2515218257904053,1.4354654550552368,1.6482879400253296
2030-03,2030-03-01,global_mlp,2026-03,2.3093009999999996,0.01438748324289918,1.232790231704712,False,0.0,0.0,external_power_zero,Ekofisk,,False,0.0,0.007918528374284504,0.01438748324289918,0.020333694294095036,0.033370507135987285,0.0,0.0,0.0,0.0,0.0,0.0,0.9830864489078521,1.232790231704712,1.4218370914459229,1.636291253566742
2030-04,2030-04-01,global_mlp,2026-03,2.3093009999999996,0.01468637166544795,1.2169347405433655,False,0.0,0.0,external_power_zero,Ekofisk,,False,0.0,0.009995556902140379,0.01468637166544795,0.020551867596805093,0.03625371791422369,0.0,0.0,0.0,0.0,0.0,0.0,0.9641642570495604,1.2169347405433655,1.398079121112823,1.6256837010383607
2030-05,2030-05-01,global_mlp,2026-03,2.3093009999999996,0.015087606851011515,1.1981785893440247,False,0.0,0.0,external_power_zero,Ekofisk,,False,0.0,0.009478193987160922,0.015087606851011515,0.020576166547834868,0.0357041034847498,0.0,0.0,0.0,0.0,0.0,0.0,0.9299216389656065,1.1981785893440247,1.3836305260658261,1.615455424785614
2030-06,2030-06-01,global_mlp,2026-03,2.3093009999999996,0.01502489810809493,1.1745287775993347,False,0.0,0.0,external_power_zero,Ekofisk,,False,0.0,0.009880010224878786,0.01502489810809493,0.019956294260919084,0.037754328176379234,0.0,0.0,0.0,0.0,0.0,0.0,0.8863956868648528,1.1745287775993347,1.3721739053726194,1.6068276762962341
2030-07,2030-07-01,global_mlp,2026-03,2.3093009999999996,0.014279642142355442,1.1570809483528137,False,0.0,0.0,external_power_zero,Ekofisk,,False,0.0,0.009588459972292185,0.014279642142355442,0.020210035517811774,0.03731302097439766,0.0,0.0,0.0,0.0,0.0,0.0,0.8658821642398834,1.1570809483528137,1.3497657895088195,1.5937276005744934
2030-08,2030-08-01,global_mlp,2026-03,2.3093009999999996,0.012819726951420307,1.1462469100952148,False,0.0,0.0,external_power_zero,Ekofisk,,False,0.0,0.008411037176847456,0.012819726951420307,0.01780815981328487,0.03356157951056958,0.0,0.0,0.0,0.0,0.0,0.0,0.8428218245506286,1.1462469100952148,1.341306221485138,1.585814619064331
2030-09,2030-09-01,global_mlp,2026-03,2.3093009999999996,0.013694069348275661,1.134191870689392,False,0.0,0.0,external_power_zero,Ekofisk,,False,0.0,0.008744666166603566,0.013694069348275661,0.018281423673033714,0.03370452262461186,0.0,0.0,0.0,0.0,0.0,0.0,0.8036026060581207,1.134191870689392,1.3228883147239685,1.5719614386558534
2030-10,2030-10-01,global_mlp,2026-03,2.3093009999999996,0.013389660511165857,1.1085900664329529,False,0.0,0.0,external_power_zero,Ekofisk,,False,0.0,0.00880567440763116,0.013389660511165857,0.0191979194059968,0.03429703675210478,0.0,0.0,0.0,0.0,0.0,0.0,0.7793996810913085,1.1085900664329529,1.3127915143966673,1.563317084312439
2030-11,2030-11-01,global_mlp,2026-03,2.3093009999999996,0.015041840728372335,1.0876615643501282,False,0.0,0.0,external_power_zero,Ekofisk,,False,0.0,0.010072998981922864,0.015041840728372335,0.02055627405643463,0.03602087460458281,0.0,0.0,0.0,0.0,0.0,0.0,0.7661911368370055,1.0876615643501282,1.3012351632118224,1.5393453359603886
2030-12,2030-12-01,global_mlp,2026-03,2.3093009999999996,0.013717635534703732,1.070190668106079,False,0.0,0.0,external_power_zero,Ekofisk,,False,0.0,0.008066727686673401,0.013717635534703732,0.01972890943288803,0.03372550569474698,0.0,0.0,0.0,0.0,0.0,0.0,0.7289450585842132,1.070190668106079,1.284469759464264,1.51674896478653
2031-01,2031-01-01,global_mlp,2026-03,2.3093009999999996,0.013855309691280127,1.0539442300796509,False,0.0,0.0,external_power_zero,Ekofisk,,False,0.0,0.008296156022697686,0.013855309691280127,0.01970096230506895,0.0311310173943639,0.0,0.0,0.0,0.0,0.0,0.0,0.7016640305519102,1.0539442300796509,1.2538855314254758,1.497150850296021
2031-02,2031-02-01,global_mlp,2026-03,2.3093009999999996,0.012824015226215124,1.0368249416351318,False,0.0,0.0,external_power_zero,Ekofisk,,False,0.0,0.007343838829547166,0.012824015226215124,0.018973978050053113,0.029790452681481856,0.0,0.0,0.0,0.0,0.0,0.0,0.6730166912078855,1.0368249416351318,1.2298128843307494,1.4952702403068543
2031-03,2031-03-01,global_mlp,2026-03,2.3093009999999996,0.012769568245857954,1.017286777496338,False,0.0,0.0,external_power_zero,Ekofisk,,False,0.0,0.006625236431136727,0.012769568245857954,0.018248593620955943,0.0300946144387126,0.0,0.0,0.0,0.0,0.0,0.0,0.657749170064926,1.017286777496338,1.2151674032211301,1.484949564933777
2031-04,2031-04-01,global_mlp,2026-03,2.3093009999999996,0.014546163845807314,1.0038729310035706,False,0.0,0.0,external_power_zero,Ekofisk,,False,0.0,0.00876385336741805,0.014546163845807314,0.019565120339393612,0.032304534688591964,0.0,0.0,0.0,0.0,0.0,0.0,0.6249568462371825,1.0038729310035706,1.2008917570114135,1.470876979827881
2031-05,2031-05-01,global_mlp,2026-03,2.3093009999999996,0.012892350554466248,0.9710356295108795,False,0.0,0.0,external_power_zero,Ekofisk,,False,0.0,0.008265753090381621,0.012892350554466248,0.018679806776344773,0.03198957182466985,0.0,0.0,0.0,0.0,0.0,0.0,0.6064897179603574,0.9710356295108795,1.184287929534912,1.4629348397254944
2031-06,2031-06-01,global_mlp,2026-03,2.3093009999999996,0.012864323798567057,0.9503363966941833,False,0.0,0.0,external_power_zero,Ekofisk,,False,0.0,0.007946002483367917,0.012864323798567057,0.018792461417615407,0.032258624210953726,0.0,0.0,0.0,0.0,0.0,0.0,0.5750686466693877,0.9503363966941833,1.1654151201248164,1.453072476387024
2031-07,2031-07-01,global_mlp,2026-03,2.3093009999999996,0.01276457728818059,0.9129477441310883,False,0.0,0.0,external_power_zero,Ekofisk,,False,0.0,0.006823074538260698,0.01276457728818059,0.017326621897518633,0.03101606145501138,0.0,0.0,0.0,0.0,0.0,0.0,0.5592869758605957,0.9129477441310883,1.1490140438079832,1.4276305317878728
2031-08,2031-08-01,global_mlp,2026-03,2.3093009999999996,0.011037238873541355,0.8951158225536346,False,0.0,0.0,external_power_zero,Ekofisk,,False,0.0,0.005898078018799424,0.011037238873541355,0.015997670404613015,0.028518685512244703,0.0,0.0,0.0,0.0,0.0,0.0,0.5378295361995696,0.8951158225536346,1.140650928020477,1.4225401043891912
2031-09,2031-09-01,global_mlp,2026-03,2.3093009999999996,0.011730975471436977,0.8729774653911591,False,0.0,0.0,external_power_zero,Ekofisk,,False,0.0,0.006551603320986032,0.011730975471436977,0.017455129884183403,0.030198719911277302,0.0,0.0,0.0,0.0,0.0,0.0,0.5229030191898345,0.8729774653911591,1.1292355775833127,1.4147521376609802
2031-10,2031-10-01,global_mlp,2026-03,2.3093009999999996,0.011233671568334103,0.8564789891242981,False,0.0,0.0,external_power_zero,Ekofisk,,False,0.0,0.005691295862197875,0.011233671568334103,0.017036436870694154,0.03184061236679555,0.0,0.0,0.0,0.0,0.0,0.0,0.5010290175676345,0.8564789891242981,1.1225128173828123,1.4085304379463197
2031-11,2031-11-01,global_mlp,2026-03,2.3093009999999996,0.013101873453706503,0.8437216579914093,False,0.0,0.0,external_power_zero,Ekofisk,,False,0.0,0.005938393343240022,0.013101873453706503,0.018946830555796615,0.031616953760385515,0.0,0.0,0.0,0.0,0.0,0.0,0.48469889760017393,0.8437216579914093,1.0956464648246764,1.4010364294052124
2031-12,2031-12-01,global_mlp,2026-03,2.3093009999999996,0.011741938069462776,0.817099928855896,False,0.0,0.0,external_power_zero,Ekofisk,,False,0.0,0.005594306532293558,0.011741938069462776,0.017360633425414558,0.030184197612106813,0.0,0.0,0.0,0.0,0.0,0.0,0.44822648167610163,0.817099928855896,1.079182720184326,1.390200984477997
2032-01,2032-01-01,global_mlp,2026-03,2.3093009999999996,0.011426328215748072,0.7914688289165497,False,0.0,0.0,external_power_zero,Ekofisk,,False,0.0,0.0054253347683697935,0.011426328215748072,0.018119741603732108,0.030851546302437787,0.0,0.0,0.0,0.0,0.0,0.0,0.4151494622230527,0.7914688289165497,1.0632821440696716,1.3779523849487307
2032-02,2032-02-01,global_mlp,2026-03,2.3093009999999996,0.0117470589466393,0.7719995379447937,False,0.0,0.0,external_power_zero,Ekofisk,,False,0.0,0.004648992838338016,0.0117470589466393,0.017575910687446582,0.028519166447222237,0.0,0.0,0.0,0.0,0.0,0.0,0.38960592150688117,0.7719995379447937,1.0535393834114073,1.3623635172843933
2032-03,2032-03-01,global_mlp,2026-03,2.3093009999999996,0.010369222145527601,0.7543789148330688,False,0.0,0.0,external_power_zero,Ekofisk,,False,0.0,0.004198389919474721,0.010369222145527601,0.016844331100583074,0.027709607966244228,0.0,0.0,0.0,0.0,0.0,0.0,0.37133431434631314,0.7543789148330688,1.0432092070579528,1.353458046913147
2032-04,2032-04-01,global_mlp,2026-03,2.3093009999999996,0.012340289074927568,0.7265920042991638,False,0.0,0.0,external_power_zero,Ekofisk,,False,0.0,0.0065037385560572135,0.012340289074927568,0.01694617252796888,0.025112348236143594,0.0,0.0,0.0,0.0,0.0,0.0,0.3452746778726577,0.7265920042991638,1.031112241744995,1.3413212180137635
2032-05,2032-05-01,global_mlp,2026-03,2.3093009999999996,0.011997745372354984,0.707044243812561,False,0.0,0.0,external_power_zero,Ekofisk,,False,0.0,0.006166238198056816,0.011997745372354984,0.01789781767874956,0.027951111644506456,0.0,0.0,0.0,0.0,0.0,0.0,0.3077498793601986,0.707044243812561,1.017392599582672,1.3299517869949342
2032-06,2032-06-01,global_mlp,2026-03,2.3093009999999996,0.011727089062333107,0.6964401602745056,False,0.0,0.0,external_power_zero,Ekofisk,,False,0.0,0.005864137271419167,0.011727089062333107,0.01700342874974012,0.028670926205813893,0.0,0.0,0.0,0.0,0.0,0.0,0.2764977723360057,0.6964401602745056,0.9926904559135435,1.3183714509010316
2032-07,2032-07-01,global_mlp,2026-03,2.3093009999999996,0.011196883395314217,0.6827857494354248,False,0.0,0.0,external_power_zero,Ekofisk,,False,0.0,0.004881491046398876,0.011196883395314217,0.01609095763415098,0.027241106517612936,0.0,0.0,0.0,0.0,0.0,0.0,0.255176284909248,0.6827857494354248,0.9799362182617184,1.306860136985779
2032-08,2032-08-01,global_mlp,2026-03,2.3093009999999996,0.00922878086566925,0.6633345484733582,False,0.0,0.0,external_power_zero,Ekofisk,,False,0.0,0.0031918540596961972,0.00922878086566925,0.014319308660924434,0.02458201982080937,0.0,0.0,0.0,0.0,0.0,0.0,0.22058093249797817,0.6633345484733582,0.9688562572002408,1.295112252235413
2032-09,2032-09-01,global_mlp,2026-03,2.3093009999999996,0.01036797696724534,0.6410292685031891,False,0.0,0.0,external_power_zero,Ekofisk,,False,0.0,0.003961757151409983,0.01036797696724534,0.014905607141554355,0.02558231130242348,0.0,0.0,0.0,0.0,0.0,0.0,0.19528376460075364,0.6410292685031891,0.9552311539649964,1.2880639553070072
2032-10,2032-10-01,global_mlp,2026-03,2.3093009999999996,0.010065915994346142,0.6180129051208496,False,0.0,0.0,external_power_zero,Ekofisk,,False,0.0,0.0003574279791791901,0.010065915994346142,0.01600369717925787,0.024338121153414258,0.0,0.0,0.0,0.0,0.0,0.0,0.16810296773910519,0.6180129051208496,0.9439514577388762,1.2837733864784244
2032-11,2032-11-01,global_mlp,2026-03,2.3093009999999996,0.011354228481650352,0.6033034324645996,False,0.0,0.0,external_power_zero,Ekofisk,,False,0.0,0.0008422959246672688,0.011354228481650352,0.01748905275017023,0.02847253791987896,0.0,0.0,0.0,0.0,0.0,0.0,0.14914913028478619,0.6033034324645996,0.9351861536502837,1.2753667950630192
2032-12,2032-12-01,global_mlp,2026-03,2.3093009999999996,0.010737929493188858,0.5775410532951355,False,0.0,0.0,external_power_zero,Ekofisk,,False,0.0,0.0004669823974836542,0.010737929493188858,0.01567995399236679,0.025324755907058717,0.0,0.0,0.0,0.0,0.0,0.0,0.1331591784954071,0.5775410532951355,0.9306654870510102,1.2681837797164917
2033-01,2033-01-01,global_mlp,2026-03,2.3093009999999996,0.009513636119663715,0.5580277442932129,False,0.0,0.0,external_power_zero,Ekofisk,,False,0.0,0.0,0.009513636119663715,0.015737972222268578,0.026107446849346162,0.0,0.0,0.0,0.0,0.0,0.0,0.10291008576750728,0.5580277442932129,0.9185734391212461,1.2625887632369996
2033-02,2033-02-01,global_mlp,2026-03,2.3093009999999996,0.009637478273361921,0.5385885834693909,False,0.0,0.0,external_power_zero,Ekofisk,,False,0.0,0.0,0.009637478273361921,0.016278665140271185,0.024360666237771514,0.0,0.0,0.0,0.0,0.0,0.0,0.079563908278942,0.5385885834693909,0.8992345094680785,1.247476947307587
2033-03,2033-03-01,global_mlp,2026-03,2.3093009999999996,0.009765172377228737,0.5293234288692474,False,0.0,0.0,external_power_zero,Ekofisk,,False,0.0,0.0,0.009765172377228737,0.015844220481812946,0.024422785453498363,0.0,0.0,0.0,0.0,0.0,0.0,0.05316917039453943,0.5293234288692474,0.8870755136013029,1.228503262996674
2033-04,2033-04-01,global_mlp,2026-03,2.3093009999999996,0.010346490889787674,0.5136608183383942,False,0.0,0.0,external_power_zero,Ekofisk,,False,0.0,0.0,0.010346490889787674,0.016459663957357405,0.025666674785316004,0.0,0.0,0.0,0.0,0.0,0.0,0.0020861443132161755,0.5136608183383942,0.8723098099231718,1.209434044361115
2033-05,2033-05-01,global_mlp,2026-03,2.3093009999999996,0.010630566626787186,0.5000950396060944,False,0.0,0.0,external_power_zero,Ekofisk,,False,0.0,0.0,0.010630566626787186,0.015924602374434466,0.026749502681195737,0.0,0.0,0.0,0.0,0.0,0.0,0.0,0.5000950396060944,0.8566693007946012,1.1945550680160524
2033-06,2033-06-01,global_mlp,2026-03,2.3093009999999996,0.009980491362512112,0.47623033821582794,False,0.0,0.0,external_power_zero,Ekofisk,,False,0.0,0.0,0.009980491362512112,0.016158675029873847,0.024776560999453072,0.0,0.0,0.0,0.0,0.0,0.0,0.0,0.47623033821582794,0.8438540995121,1.180757963657379
2033-07,2033-07-01,global_mlp,2026-03,2.3093009999999996,0.00907391868531704,0.4569876492023468,False,0.0,0.0,external_power_zero,Ekofisk,,False,0.0,0.0,0.00907391868531704,0.01490345811471343,0.02296779341995717,0.0,0.0,0.0,0.0,0.0,0.0,0.0,0.4569876492023468,0.8253315806388851,1.1626504302024843
2033-08,2033-08-01,global_mlp,2026-03,2.3093009999999996,0.007708060089498758,0.41664697229862213,False,0.0,0.0,external_power_zero,Ekofisk,,False,0.0,0.0,0.007708060089498758,0.013649026490747925,0.021557764708995824,0.0,0.0,0.0,0.0,0.0,0.0,0.0,0.41664697229862213,0.8152830481529234,1.1433074116706847
2033-09,2033-09-01,global_mlp,2026-03,2.3093009999999996,0.008800969924777746,0.4011247307062149,False,0.0,0.0,external_power_zero,Ekofisk,,False,0.0,0.0,0.008800969924777746,0.014503571856766938,0.022210567630827432,0.0,0.0,0.0,0.0,0.0,0.0,0.0,0.4011247307062149,0.8007208943367005,1.1221567392349243
2033-10,2033-10-01,global_mlp,2026-03,2.3093009999999996,0.0085926647298038,0.38716356456279755,False,0.0,0.0,external_power_zero,Ekofisk,,False,0.0,0.0,0.0085926647298038,0.014151902962476013,0.02186510041356087,0.0,0.0,0.0,0.0,0.0,0.0,0.0,0.38716356456279755,0.7865288972854614,1.107212805747986
2033-11,2033-11-01,global_mlp,2026-03,2.3093009999999996,0.009103599935770035,0.3747043013572693,False,0.0,0.0,external_power_zero,Ekofisk,,False,0.0,0.0,0.009103599935770035,0.0161500496789813,0.024632163718342787,0.0,0.0,0.0,0.0,0.0,0.0,0.0,0.3747043013572693,0.7659463047981262,1.0940940856933594
2033-12,2033-12-01,global_mlp,2026-03,2.3093009999999996,0.007240114500746131,0.3534254878759384,False,0.0,0.0,external_power_zero,Ekofisk,,False,0.0,0.0,0.007240114500746131,0.013883090205490587,0.02259618379175664,0.0,0.0,0.0,0.0,0.0,0.0,0.0,0.3534254878759384,0.7466706633567809,1.079351508617401
2034-01,2034-01-01,global_mlp,2026-03,2.3093009999999996,0.00721258157864213,0.33821164071559906,False,0.0,0.0,external_power_zero,Ekofisk,,False,0.0,0.0,0.00721258157864213,0.013636487163603295,0.023905356600880622,0.0,0.0,0.0,0.0,0.0,0.0,0.0,0.33821164071559906,0.728003680706024,1.057921385765076
2034-02,2034-02-01,global_mlp,2026-03,2.3093009999999996,0.0060100434347987175,0.3328232318162918,False,0.0,0.0,external_power_zero,Ekofisk,,False,0.0,0.0,0.0060100434347987175,0.013150769378989935,0.023040358722209935,0.0,0.0,0.0,0.0,0.0,0.0,0.0,0.3328232318162918,0.7121719121932982,1.0459746599197388
2034-03,2034-03-01,global_mlp,2026-03,2.3093009999999996,0.005934559740126133,0.31450584530830383,False,0.0,0.0,external_power_zero,Ekofisk,,False,0.0,0.0,0.005934559740126133,0.013051240891218181,0.021195040270686152,0.0,0.0,0.0,0.0,0.0,0.0,0.0,0.31450584530830383,0.6905559301376339,1.03053629398346
2034-04,2034-04-01,global_mlp,2026-03,2.3093009999999996,0.007742856629192829,0.29300469160079956,False,0.0,0.0,external_power_zero,Ekofisk,,False,0.0,0.0,0.007742856629192829,0.014339110068976878,0.022315562143921854,0.0,0.0,0.0,0.0,0.0,0.0,0.0,0.29300469160079956,0.670054405927658,1.0145921707153325
2034-05,2034-05-01,global_mlp,2026-03,2.3093009999999996,0.006926363334059715,0.2729409635066986,False,0.0,0.0,external_power_zero,Ekofisk,,False,0.0,0.0,0.006926363334059715,0.014507573843002311,0.02347422633320094,0.0,0.0,0.0,0.0,0.0,0.0,0.0,0.2729409635066986,0.6573951900005339,1.0060909628868104
2034-06,2034-06-01,global_mlp,2026-03,2.3093009999999996,0.0073876455426216125,0.25234831869602203,False,0.0,0.0,external_power_zero,Ekofisk,,False,0.0,0.0,0.0073876455426216125,0.014138079248368737,0.02316314373165369,0.0,0.0,0.0,0.0,0.0,0.0,0.0,0.25234831869602203,0.6372760117053984,0.9841545164585117
2034-07,2034-07-01,global_mlp,2026-03,2.3093009999999996,0.005532628623768687,0.23085173964500427,False,0.0,0.0,external_power_zero,Ekofisk,,False,0.0,0.0,0.005532628623768687,0.01300989789888262,0.022100628539919856,0.0,0.0,0.0,0.0,0.0,0.0,0.0,0.23085173964500427,0.6256220400333404,0.974311512708664
2034-08,2034-08-01,global_mlp,2026-03,2.3093009999999996,0.005522608058527112,0.21382542699575424,False,0.0,0.0,external_power_zero,Ekofisk,,False,0.0,0.0,0.005522608058527112,0.011069481633603571,0.020197313278913498,0.0,0.0,0.0,0.0,0.0,0.0,0.0,0.21382542699575424,0.6096164464950561,0.9659942150115967
2034-09,2034-09-01,global_mlp,2026-03,2.3093009999999996,0.004284280817955732,0.1920255646109581,False,0.0,0.0,external_power_zero,Ekofisk,,False,0.0,0.0,0.004284280817955732,0.01179521046578884,0.01947811581194401,0.0,0.0,0.0,0.0,0.0,0.0,0.0,0.1920255646109581,0.5913477361202238,0.9557769536972047
2034-10,2034-10-01,global_mlp,2026-03,2.3093009999999996,0.0029397085309028625,0.17540812492370605,False,0.0,0.0,external_power_zero,Ekofisk,,False,0.0,0.0,0.0029397085309028625,0.0120275892317295,0.020538678206503392,0.0,0.0,0.0,0.0,0.0,0.0,0.0,0.17540812492370605,0.5683369100093841,0.9436997652053833
2034-11,2034-11-01,global_mlp,2026-03,2.3093009999999996,0.0034584939712658525,0.16236010193824768,False,0.0,0.0,external_power_zero,Ekofisk,,False,0.0,0.0,0.0034584939712658525,0.012516411673277614,0.0226146886125207,0.0,0.0,0.0,0.0,0.0,0.0,0.0,0.16236010193824768,0.5616002976894378,0.9366792380809784
2034-12,2034-12-01,global_mlp,2026-03,2.3093009999999996,0.0021102142054587603,0.14553814381361008,False,0.0,0.0,external_power_zero,Ekofisk,,False,0.0,0.0,0.0021102142054587603,0.011698880791664121,0.02084637694060803,0.0,0.0,0.0,0.0,0.0,0.0,0.0,0.14553814381361008,0.5497829020023346,0.9256041884422304
2035-01,2035-01-01,global_mlp,2026-03,2.3093009999999996,0.0018678216147236526,0.13395687192678452,False,0.0,0.0,external_power_zero,Ekofisk,,False,0.0,0.0,0.0018678216147236526,0.01206167610362172,0.02055345326662065,0.0,0.0,0.0,0.0,0.0,0.0,0.0,0.13395687192678452,0.5310620367527008,0.9180428743362428
2035-02,2035-02-01,global_mlp,2026-03,2.3093009999999996,0.001600985531695187,0.11470572650432587,False,0.0,0.0,external_power_zero,Ekofisk,,False,0.0,0.0,0.001600985531695187,0.01098463963717222,0.021355337277054798,0.0,0.0,0.0,0.0,0.0,0.0,0.0,0.11470572650432587,0.5171113312244415,0.9112087786197662
2035-03,2035-03-01,global_mlp,2026-03,2.3093009999999996,0.000697115232469514,0.08501530066132545,False,0.0,0.0,external_power_zero,Ekofisk,,False,0.0,0.0,0.000697115232469514,0.011167068872600792,0.02019255366176367,0.0,0.0,0.0,0.0,0.0,0.0,0.0,0.08501530066132545,0.4941229224205016,0.9030112564563751
2035-04,2035-04-01,global_mlp,2026-03,2.3093009999999996,0.004420981975272298,0.07265566289424896,False,0.0,0.0,external_power_zero,Ekofisk,,False,0.0,0.0,0.004420981975272298,0.012092669680714603,0.021533272601664072,0.0,0.0,0.0,0.0,0.0,0.0,0.0,0.07265566289424896,0.4765242278575897,0.8807634413242345
2035-05,2035-05-01,global_mlp,2026-03,2.3093009999999996,0.003241330967284739,0.04643439128994942,False,0.0,0.0,external_power_zero,Ekofisk,,False,0.0,0.0,0.003241330967284739,0.012327465880662202,0.023841544054448605,0.0,0.0,0.0,0.0,0.0,0.0,0.0,0.04643439128994942,0.45529134273529,0.8588554739952096
2035-06,2035-06-01,global_mlp,2026-03,2.3093009999999996,0.0007540140068158507,0.028121388517320156,False,0.0,0.0,external_power_zero,Ekofisk,,False,0.0,0.0,0.0007540140068158507,0.01137624019756913,0.0226687652990222,0.0,0.0,0.0,0.0,0.0,0.0,0.0,0.028121388517320156,0.4404131472110743,0.8555567264556891
2035-07,2035-07-01,global_mlp,2026-03,2.3093009999999996,0.0,0.004492637701332569,False,0.0,0.0,external_power_zero,Ekofisk,,False,0.0,0.0,0.0,0.010475529078394174,0.019366025179624564,0.0,0.0,0.0,0.0,0.0,0.0,0.0,0.004492637701332569,0.425060859322547,0.8265252530574799
2035-08,2035-08-01,global_mlp,2026-03,2.3093009999999996,0.0,0.0,False,0.0,0.0,external_power_zero,Ekofisk,,False,0.0,0.0,0.0,0.009258897230029105,0.01758938916027547,0.0,0.0,0.0,0.0,0.0,0.0,0.0,0.0,0.4205039083957669,0.7985094964504243
2035-09,2035-09-01,global_mlp,2026-03,2.3093009999999996,0.0,0.0,False,0.0,0.0,external_power_zero,Ekofisk,,False,0.0,0.0,0.0,0.009637833479791868,0.020011622086167337,0.0,0.0,0.0,0.0,0.0,0.0,0.0,0.0,0.39456370174884786,0.7877010405063631
2035-10,2035-10-01,global_mlp,2026-03,2.3093009999999996,0.0,0.0,False,0.0,0.0,external_power_zero,Ekofisk,,False,0.0,0.0,0.0,0.009645985253155227,0.0186267089098692,0.0,0.0,0.0,0.0,0.0,0.0,0.0,0.0,0.3733709245920175,0.7789061069488529
2035-11,2035-11-01,global_mlp,2026-03,2.3093009999999996,0.0,0.0,False,0.0,0.0,external_power_zero,Ekofisk,,False,0.0,0.0,0.0,0.01026058625429867,0.019052952714264403,0.0,0.0,0.0,0.0,0.0,0.0,0.0,0.0,0.3653879821300505,0.7690786421298983
2035-12,2035-12-01,global_mlp,2026-03,2.3093009999999996,0.0,0.0,False,0.0,0.0,external_power_zero,Ekofisk,,False,0.0,0.0,0.0,0.00933648813515901,0.01762018539011479,0.0,0.0,0.0,0.0,0.0,0.0,0.0,0.0,0.34893728494644144,0.7570987284183502
2036-01,2036-01-01,global_mlp,2026-03,2.3093009999999996,0.0,0.0,False,0.0,0.0,external_power_zero,Ekofisk,,False,0.0,0.0,0.0,0.009100245498120784,0.0183945506811142,0.0,0.0,0.0,0.0,0.0,0.0,0.0,0.0,0.321552163362503,0.7367855429649354
2036-02,2036-02-01,global_mlp,2026-03,2.3093009999999996,0.0,0.0,False,0.0,0.0,external_power_zero,Ekofisk,,False,0.0,0.0,0.0,0.008653672691434619,0.01813284941017628,0.0,0.0,0.0,0.0,0.0,0.0,0.0,0.0,0.3008356928825376,0.7240731418132785
2036-03,2036-03-01,global_mlp,2026-03,2.3093009999999996,0.0,0.0,False,0.0,0.0,external_power_zero,Ekofisk,,False,0.0,0.0,0.0,0.007475522719323632,0.015419561788439751,0.0,0.0,0.0,0.0,0.0,0.0,0.0,0.0,0.2754130512475967,0.718875634670258
2036-04,2036-04-01,global_mlp,2026-03,2.3093009999999996,0.0,0.0,False,0.0,0.0,external_power_zero,Ekofisk,,False,0.0,0.0,0.0,0.009021535515785203,0.018222101032733917,0.0,0.0,0.0,0.0,0.0,0.0,0.0,0.0,0.2650020569562911,0.712763971090317
2036-05,2036-05-01,global_mlp,2026-03,2.3093009999999996,0.0,0.0,False,0.0,0.0,external_power_zero,Ekofisk,,False,0.0,0.0,0.0,0.008499056473374367,0.016399966366589074,0.0,0.0,0.0,0.0,0.0,0.0,0.0,0.0,0.25456967949867226,0.7054354190826416
2036-06,2036-06-01,global_mlp,2026-03,2.3093009999999996,0.0,0.0,False,0.0,0.0,external_power_zero,Ekofisk,,False,0.0,0.0,0.0,0.008456817362457512,0.01667169071733952,0.0,0.0,0.0,0.0,0.0,0.0,0.0,0.0,0.23828496485948544,0.6943261325359346
2036-07,2036-07-01,global_mlp,2026-03,2.3093009999999996,0.0,0.0,False,0.0,0.0,external_power_zero,Ekofisk,,False,0.0,0.0,0.0,0.007227560831233859,0.016132398135960107,0.0,0.0,0.0,0.0,0.0,0.0,0.0,0.0,0.21656960695981967,0.6906377851963044
2036-08,2036-08-01,global_mlp,2026-03,2.3093009999999996,0.0,0.0,False,0.0,0.0,external_power_zero,Ekofisk,,False,0.0,0.0,0.0,0.006005177833139895,0.015239897835999733,0.0,0.0,0.0,0.0,0.0,0.0,0.0,0.0,0.19870229363441438,0.6731358110904695
2036-09,2036-09-01,global_mlp,2026-03,2.3093009999999996,0.0,0.0,False,0.0,0.0,external_power_zero,Ekofisk,,False,0.0,0.0,0.0,0.006595301488414396,0.01514984425157309,0.0,0.0,0.0,0.0,0.0,0.0,0.0,0.0,0.18157906681299152,0.6625569820404053
2036-10,2036-10-01,global_mlp,2026-03,2.3093009999999996,0.0,0.0,False,0.0,0.0,external_power_zero,Ekofisk,,False,0.0,0.0,0.0,0.0050469198729842886,0.016151906549930577,0.0,0.0,0.0,0.0,0.0,0.0,0.0,0.0,0.17528659105300873,0.6526075959205627
2036-11,2036-11-01,global_mlp,2026-03,2.3093009999999996,0.0,0.0,False,0.0,0.0,external_power_zero,Ekofisk,,False,0.0,0.0,0.0,0.006533146696165195,0.017429616488516337,0.0,0.0,0.0,0.0,0.0,0.0,0.0,0.0,0.16234176009893397,0.6299631476402284
2036-12,2036-12-01,global_mlp,2026-03,2.3093009999999996,0.0,0.0,False,0.0,0.0,external_power_zero,Ekofisk,,False,0.0,0.0,0.0,0.005123214283958073,0.017563757859170446,0.0,0.0,0.0,0.0,0.0,0.0,0.0,0.0,0.14873145222663872,0.6197732269763947
2037-01,2037-01-01,global_mlp,2026-03,2.3093009999999996,0.0,0.0,False,0.0,0.0,external_power_zero,Ekofisk,,False,0.0,0.0,0.0,0.003565259603783481,0.01632047854363918,0.0,0.0,0.0,0.0,0.0,0.0,0.0,0.0,0.12052798867225602,0.6047803342342379
2037-02,2037-02-01,global_mlp,2026-03,2.3093009999999996,0.0,0.0,False,0.0,0.0,external_power_zero,Ekofisk,,False,0.0,0.0,0.0,0.0042305151466280186,0.01606353260576725,0.0,0.0,0.0,0.0,0.0,0.0,0.0,0.0,0.10486849546432468,0.5962052702903752
2037-03,2037-03-01,global_mlp,2026-03,2.3093009999999996,0.0,0.0,False,0.0,0.0,external_power_zero,Ekofisk,,False,0.0,0.0,0.0,0.0032998895738273856,0.015005172695964577,0.0,0.0,0.0,0.0,0.0,0.0,0.0,0.0,0.0957485795021053,0.5930745065212253
2037-04,2037-04-01,global_mlp,2026-03,2.3093009999999996,0.0,0.0,False,0.0,0.0,external_power_zero,Ekofisk,,False,0.0,0.0,0.0,0.004967155680060385,0.017238838598132133,0.0,0.0,0.0,0.0,0.0,0.0,0.0,0.0,0.07095618396997451,0.5886405706405641
2037-05,2037-05-01,global_mlp,2026-03,2.3093009999999996,0.0,0.0,False,0.0,0.0,external_power_zero,Ekofisk,,False,0.0,0.0,0.0,0.005054010683670629,0.01453110631555319,0.0,0.0,0.0,0.0,0.0,0.0,0.0,0.0,0.05161912329494953,0.5698576152324679
2037-06,2037-06-01,global_mlp,2026-03,2.3093009999999996,0.0,0.0,False,0.0,0.0,external_power_zero,Ekofisk,,False,0.0,0.0,0.0,0.0024269934277981495,0.014983601681888104,0.0,0.0,0.0,0.0,0.0,0.0,0.0,0.0,0.04500991217792025,0.562767326831818
2037-07,2037-07-01,global_mlp,2026-03,2.3093009999999996,0.0,0.0,False,0.0,0.0,external_power_zero,Ekofisk,,False,0.0,0.0,0.0,0.002019667986314728,0.013149048201739797,0.0,0.0,0.0,0.0,0.0,0.0,0.0,0.0,0.03324760980904056,0.5571022152900696
2037-08,2037-08-01,global_mlp,2026-03,2.3093009999999996,0.0,0.0,False,0.0,0.0,external_power_zero,Ekofisk,,False,0.0,0.0,0.0,0.0011580687598324855,0.012610467243939645,0.0,0.0,0.0,0.0,0.0,0.0,0.0,0.0,0.019317839294671204,0.5513334095478059
2037-09,2037-09-01,global_mlp,2026-03,2.3093009999999996,0.0,0.0,False,0.0,0.0,external_power_zero,Ekofisk,,False,0.0,0.0,0.0,0.0,0.013959109783172607,0.0,0.0,0.0,0.0,0.0,0.0,0.0,0.0,0.0033357588108627063,0.5306570231914525
2037-10,2037-10-01,global_mlp,2026-03,2.3093009999999996,0.0,0.0,False,0.0,0.0,external_power_zero,Ekofisk,,False,0.0,0.0,0.0,0.0,0.012634925264865171,0.0,0.0,0.0,0.0,0.0,0.0,0.0,0.0,0.0,0.5250977337360385
2037-11,2037-11-01,global_mlp,2026-03,2.3093009999999996,0.0,0.0,False,0.0,0.0,external_power_zero,Ekofisk,,False,0.0,0.0,0.0,0.0,0.01405780846253038,0.0,0.0,0.0,0.0,0.0,0.0,0.0,0.0,0.0,0.5177872359752657
2037-12,2037-12-01,global_mlp,2026-03,2.3093009999999996,0.0,0.0,False,0.0,0.0,external_power_zero,Ekofisk,,False,0.0,0.0,0.0,0.0,0.013287546392530205,0.0,0.0,0.0,0.0,0.0,0.0,0.0,0.0,0.0,0.5134586453437806
2038-01,2038-01-01,global_mlp,2026-03,2.3093009999999996,0.0,0.0,False,0.0,0.0,external_power_zero,Ekofisk,,False,0.0,0.0,0.0,0.0,0.014172677695751191,0.0,0.0,0.0,0.0,0.0,0.0,0.0,0.0,0.0,0.5076423227787019
2038-02,2038-02-01,global_mlp,2026-03,2.3093009999999996,0.0,0.0,False,0.0,0.0,external_power_zero,Ekofisk,,False,0.0,0.0,0.0,0.0,0.011901275347918275,0.0,0.0,0.0,0.0,0.0,0.0,0.0,0.0,0.0,0.5006972521543505
2038-03,2038-03-01,global_mlp,2026-03,2.3093009999999996,0.0,0.0,False,0.0,0.0,external_power_zero,Ekofisk,,False,0.0,0.0,0.0,0.0,0.012440252956002956,0.0,0.0,0.0,0.0,0.0,0.0,0.0,0.0,0.0,0.49468964338302635
2038-04,2038-04-01,global_mlp,2026-03,2.3093009999999996,0.0,0.0,False,0.0,0.0,external_power_zero,Ekofisk,,False,0.0,0.0,0.0,0.0,0.01397962076589466,0.0,0.0,0.0,0.0,0.0,0.0,0.0,0.0,0.0,0.4845435917377474
2038-05,2038-05-01,global_mlp,2026-03,2.3093009999999996,0.0,0.0,False,0.0,0.0,external_power_zero,Ekofisk,,False,0.0,0.0,0.0,0.0,0.014314056932926183,0.0,0.0,0.0,0.0,0.0,0.0,0.0,0.0,0.0,0.4753856897354127
2038-06,2038-06-01,global_mlp,2026-03,2.3093009999999996,0.0,0.0,False,0.0,0.0,external_power_zero,Ekofisk,,False,0.0,0.0,0.0,0.0,0.013645336776971821,0.0,0.0,0.0,0.0,0.0,0.0,0.0,0.0,0.0,0.4636653661727906
2038-07,2038-07-01,global_mlp,2026-03,2.3093009999999996,0.0,0.0,False,0.0,0.0,external_power_zero,Ekofisk,,False,0.0,0.0,0.0,0.0,0.013371116016060116,0.0,0.0,0.0,0.0,0.0,0.0,0.0,0.0,0.0,0.43338501453399714
2038-08,2038-08-01,global_mlp,2026-03,2.3093009999999996,0.0,0.0,False,0.0,0.0,external_power_zero,Ekofisk,,False,0.0,0.0,0.0,0.0,0.011944752652198076,0.0,0.0,0.0,0.0,0.0,0.0,0.0,0.0,0.0,0.4192248433828356
2038-09,2038-09-01,global_mlp,2026-03,2.3093009999999996,0.0,0.0,False,0.0,0.0,external_power_zero,Ekofisk,,False,0.0,0.0,0.0,0.0,0.012564742192626,0.0,0.0,0.0,0.0,0.0,0.0,0.0,0.0,0.0,0.40175755321979545
2038-10,2038-10-01,global_mlp,2026-03,2.3093009999999996,0.0,0.0,False,0.0,0.0,external_power_zero,Ekofisk,,False,0.0,0.0,0.0,0.0,0.01246475474908948,0.0,0.0,0.0,0.0,0.0,0.0,0.0,0.0,0.0,0.3873054921627049
2038-11,2038-11-01,global_mlp,2026-03,2.3093009999999996,0.0,0.0,False,0.0,0.0,external_power_zero,Ekofisk,,False,0.0,0.0,0.0,0.0,0.013552037347108126,0.0,0.0,0.0,0.0,0.0,0.0,0.0,0.0,0.0,0.3717786461114887
2038-12,2038-12-01,global_mlp,2026-03,2.3093009999999996,0.0,0.0,False,0.0,0.0,external_power_zero,Ekofisk,,False,0.0,0.0,0.0,0.0,0.011019648797810084,0.0,0.0,0.0,0.0,0.0,0.0,0.0,0.0,0.0,0.3558817982673647
2039-01,2039-01-01,global_mlp,2026-03,2.3093009999999996,0.0,0.0,False,0.0,0.0,external_power_zero,Ekofisk,,False,0.0,0.0,0.0,0.0,0.010477388836443438,0.0,0.0,0.0,0.0,0.0,0.0,0.0,0.0,0.0,0.3422083556652069
2039-02,2039-02-01,global_mlp,2026-03,2.3093009999999996,0.0,0.0,False,0.0,0.0,external_power_zero,Ekofisk,,False,0.0,0.0,0.0,0.0,0.008839116711169505,0.0,0.0,0.0,0.0,0.0,0.0,0.0,0.0,0.0,0.32689487040042875
2039-03,2039-03-01,global_mlp,2026-03,2.3093009999999996,0.0,0.0,False,0.0,0.0,external_power_zero,Ekofisk,,False,0.0,0.0,0.0,0.0,0.008618688117712742,0.0,0.0,0.0,0.0,0.0,0.0,0.0,0.0,0.0,0.30872423648834246
2039-04,2039-04-01,global_mlp,2026-03,2.3093009999999996,0.0,0.0,False,0.0,0.0,external_power_zero,Ekofisk,,False,0.0,0.0,0.0,0.0,0.011035624891519548,0.0,0.0,0.0,0.0,0.0,0.0,0.0,0.0,0.0,0.29460023939609536
2039-05,2039-05-01,global_mlp,2026-03,2.3093009999999996,0.0,0.0,False,0.0,0.0,external_power_zero,Ekofisk,,False,0.0,0.0,0.0,0.0,0.010161228012293591,0.0,0.0,0.0,0.0,0.0,0.0,0.0,0.0,0.0,0.28005706369876865
2039-06,2039-06-01,global_mlp,2026-03,2.3093009999999996,0.0,0.0,False,0.0,0.0,external_power_zero,Ekofisk,,False,0.0,0.0,0.0,0.0,0.009726890828460458,0.0,0.0,0.0,0.0,0.0,0.0,0.0,0.0,0.0,0.26371279954910287
2039-07,2039-07-01,global_mlp,2026-03,2.3093009999999996,0.0,0.0,False,0.0,0.0,external_power_zero,Ekofisk,,False,0.0,0.0,0.0,0.0,0.008741275221109394,0.0,0.0,0.0,0.0,0.0,0.0,0.0,0.0,0.0,0.25078679621219646
2039-08,2039-08-01,global_mlp,2026-03,2.3093009999999996,0.0,0.0,False,0.0,0.0,external_power_zero,Ekofisk,,False,0.0,0.0,0.0,0.0,0.006243979511782531,0.0,0.0,0.0,0.0,0.0,0.0,0.0,0.0,0.0,0.2426072508096696
2039-09,2039-09-01,global_mlp,2026-03,2.3093009999999996,0.0,0.0,False,0.0,0.0,external_power_zero,Ekofisk,,False,0.0,0.0,0.0,0.0,0.007143116183578968,0.0,0.0,0.0,0.0,0.0,0.0,0.0,0.0,0.0,0.226187911629677
2039-10,2039-10-01,global_mlp,2026-03,2.3093009999999996,0.0,0.0,False,0.0,0.0,external_power_zero,Ekofisk,,False,0.0,0.0,0.0,0.0,0.006880610389634973,0.0,0.0,0.0,0.0,0.0,0.0,0.0,0.0,0.0,0.21535358577966693
2039-11,2039-11-01,global_mlp,2026-03,2.3093009999999996,0.0,0.0,False,0.0,0.0,external_power_zero,Ekofisk,,False,0.0,0.0,0.0,0.0,0.007148136850446463,0.0,0.0,0.0,0.0,0.0,0.0,0.0,0.0,0.0,0.20044259577989595
2039-12,2039-12-01,global_mlp,2026-03,2.3093009999999996,0.0,0.0,False,0.0,0.0,external_power_zero,Ekofisk,,False,0.0,0.0,0.0,0.0,0.007466404978185896,0.0,0.0,0.0,0.0,0.0,0.0,0.0,0.0,0.0,0.18850100189447433
2040-01,2040-01-01,global_mlp,2026-03,2.3093009999999996,0.0,0.0,False,0.0,0.0,external_power_zero,Ekofisk,,False,0.0,0.0,0.0,0.0,0.005757754947990182,0.0,0.0,0.0,0.0,0.0,0.0,0.0,0.0,0.0,0.17260486930608754
2040-02,2040-02-01,global_mlp,2026-03,2.3093009999999996,0.0,0.0,False,0.0,0.0,external_power_zero,Ekofisk,,False,0.0,0.0,0.0,0.0,0.006075645238161112,0.0,0.0,0.0,0.0,0.0,0.0,0.0,0.0,0.0,0.16193148493766793
2040-03,2040-03-01,global_mlp,2026-03,2.3093009999999996,0.0,0.0,False,0.0,0.0,external_power_zero,Ekofisk,,False,0.0,0.0,0.0,0.0,0.0051085774786770516,0.0,0.0,0.0,0.0,0.0,0.0,0.0,0.0,0.0,0.14880569428205512
2040-04,2040-04-01,global_mlp,2026-03,2.3093009999999996,0.0,0.0,False,0.0,0.0,external_power_zero,Ekofisk,,False,0.0,0.0,0.0,0.0,0.008322166558355099,0.0,0.0,0.0,0.0,0.0,0.0,0.0,0.0,0.0,0.14083659946918517
2040-05,2040-05-01,global_mlp,2026-03,2.3093009999999996,0.0,0.0,False,0.0,0.0,external_power_zero,Ekofisk,,False,0.0,0.0,0.0,0.0,0.0064773443620652175,0.0,0.0,0.0,0.0,0.0,0.0,0.0,0.0,0.0,0.1318590909242632
2040-06,2040-06-01,global_mlp,2026-03,2.3093009999999996,0.0,0.0,False,0.0,0.0,external_power_zero,Ekofisk,,False,0.0,0.0,0.0,0.0,0.004562951577827353,0.0,0.0,0.0,0.0,0.0,0.0,0.0,0.0,0.0,0.11980504393577583
2040-07,2040-07-01,global_mlp,2026-03,2.3093009999999996,0.0,0.0,False,0.0,0.0,external_power_zero,Ekofisk,,False,0.0,0.0,0.0,0.0,0.004742986103519803,0.0,0.0,0.0,0.0,0.0,0.0,0.0,0.0,0.0,0.0952946022152904
2040-08,2040-08-01,global_mlp,2026-03,2.3093009999999996,0.0,0.0,False,0.0,0.0,external_power_zero,Ekofisk,,False,0.0,0.0,0.0,0.0,0.0035156889818608907,0.0,0.0,0.0,0.0,0.0,0.0,0.0,0.0,0.0,0.07501795738935493
2040-09,2040-09-01,global_mlp,2026-03,2.3093009999999996,0.0,0.0,False,0.0,0.0,external_power_zero,Ekofisk,,False,0.0,0.0,0.0,0.0,0.0013493614620529223,0.0,0.0,0.0,0.0,0.0,0.0,0.0,0.0,0.0,0.05110659301281043
2040-10,2040-10-01,global_mlp,2026-03,2.3093009999999996,0.0,0.0,False,0.0,0.0,external_power_zero,Ekofisk,,False,0.0,0.0,0.0,0.0,0.0008752729627304047,0.0,0.0,0.0,0.0,0.0,0.0,0.0,0.0,0.0,0.02478241138160324
2040-11,2040-11-01,global_mlp,2026-03,2.3093009999999996,0.0,0.0,False,0.0,0.0,external_power_zero,Ekofisk,,False,0.0,0.0,0.0,0.0,0.0015146844554692995,0.0,0.0,0.0,0.0,0.0,0.0,0.0,0.0,0.0,0.0092098284512763
2040-12,2040-12-01,global_mlp,2026-03,2.3093009999999996,0.0,0.0,False,0.0,0.0,external_power_zero,Ekofisk,,False,0.0,0.0,0.0,0.0,0.0,0.0,0.0,0.0,0.0,0.0,0.0,0.0,0.0,0.0,0.0
2041-01,2041-01-01,global_mlp,2026-03,2.3093009999999996,0.0,0.0,False,0.0,0.0,external_power_zero,Ekofisk,,False,0.0,0.0,0.0,0.0,0.0,0.0,0.0,0.0,0.0,0.0,0.0,0.0,0.0,0.0,0.0
2041-02,2041-02-01,global_mlp,2026-03,2.3093009999999996,0.0,0.0,False,0.0,0.0,external_power_zero,Ekofisk,,False,0.0,0.0,0.0,0.0,0.0,0.0,0.0,0.0,0.0,0.0,0.0,0.0,0.0,0.0,0.0
2041-03,2041-03-01,global_mlp,2026-03,2.3093009999999996,0.0,0.0,False,0.0,0.0,external_power_zero,Ekofisk,,False,0.0,0.0,0.0,0.0,0.0,0.0,0.0,0.0,0.0,0.0,0.0,0.0,0.0,0.0,0.0
2041-04,2041-04-01,global_mlp,2026-03,2.3093009999999996,0.0,0.0,False,0.0,0.0,external_power_zero,Ekofisk,,False,0.0,0.0,0.0,0.0,0.0,0.0,0.0,0.0,0.0,0.0,0.0,0.0,0.0,0.0,0.0
2041-05,2041-05-01,global_mlp,2026-03,2.3093009999999996,0.0,0.0,False,0.0,0.0,external_power_zero,Ekofisk,,False,0.0,0.0,0.0,0.0,0.0,0.0,0.0,0.0,0.0,0.0,0.0,0.0,0.0,0.0,0.0
2041-06,2041-06-01,global_mlp,2026-03,2.3093009999999996,0.0,0.0,False,0.0,0.0,external_power_zero,Ekofisk,,False,0.0,0.0,0.0,0.0,0.0,0.0,0.0,0.0,0.0,0.0,0.0,0.0,0.0,0.0,0.0
2041-07,2041-07-01,global_mlp,2026-03,2.3093009999999996,0.0,0.0,False,0.0,0.0,external_power_zero,Ekofisk,,False,0.0,0.0,0.0,0.0,0.0,0.0,0.0,0.0,0.0,0.0,0.0,0.0,0.0,0.0,0.0
2041-08,2041-08-01,global_mlp,2026-03,2.3093009999999996,0.0,0.0,False,0.0,0.0,external_power_zero,Ekofisk,,False,0.0,0.0,0.0,0.0,0.0,0.0,0.0,0.0,0.0,0.0,0.0,0.0,0.0,0.0,0.0
2041-09,2041-09-01,global_mlp,2026-03,2.3093009999999996,0.0,0.0,False,0.0,0.0,external_power_zero,Ekofisk,,False,0.0,0.0,0.0,0.0,0.0,0.0,0.0,0.0,0.0,0.0,0.0,0.0,0.0,0.0,0.0
2041-10,2041-10-01,global_mlp,2026-03,2.3093009999999996,0.0,0.0,False,0.0,0.0,external_power_zero,Ekofisk,,False,0.0,0.0,0.0,0.0,0.0,0.0,0.0,0.0,0.0,0.0,0.0,0.0,0.0,0.0,0.0
2041-11,2041-11-01,global_mlp,2026-03,2.3093009999999996,0.0,0.0,False,0.0,0.0,external_power_zero,Ekofisk,,False,0.0,0.0,0.0,0.0,0.0,0.0,0.0,0.0,0.0,0.0,0.0,0.0,0.0,0.0,0.0
2041-12,2041-12-01,global_mlp,2026-03,2.3093009999999996,0.0,0.0,False,0.0,0.0,external_power_zero,Ekofisk,,False,0.0,0.0,0.0,0.0,0.0,0.0,0.0,0.0,0.0,0.0,0.0,0.0,0.0,0.0,0.0
2042-01,2042-01-01,global_mlp,2026-03,2.3093009999999996,0.0,0.0,False,0.0,0.0,external_power_zero,Ekofisk,,False,0.0,0.0,0.0,0.0,0.0,0.0,0.0,0.0,0.0,0.0,0.0,0.0,0.0,0.0,0.0
2042-02,2042-02-01,global_mlp,2026-03,2.3093009999999996,0.0,0.0,False,0.0,0.0,external_power_zero,Ekofisk,,False,0.0,0.0,0.0,0.0,0.0,0.0,0.0,0.0,0.0,0.0,0.0,0.0,0.0,0.0,0.0
2042-03,2042-03-01,global_mlp,2026-03,2.3093009999999996,0.0,0.0,False,0.0,0.0,external_power_zero,Ekofisk,,False,0.0,0.0,0.0,0.0,0.0,0.0,0.0,0.0,0.0,0.0,0.0,0.0,0.0,0.0,0.0
2042-04,2042-04-01,global_mlp,2026-03,2.3093009999999996,0.0,0.0,False,0.0,0.0,external_power_zero,Ekofisk,,False,0.0,0.0,0.0,0.0,0.0,0.0,0.0,0.0,0.0,0.0,0.0,0.0,0.0,0.0,0.0
2042-05,2042-05-01,global_mlp,2026-03,2.3093009999999996,0.0,0.0,False,0.0,0.0,external_power_zero,Ekofisk,,False,0.0,0.0,0.0,0.0,0.0,0.0,0.0,0.0,0.0,0.0,0.0,0.0,0.0,0.0,0.0
2042-06,2042-06-01,global_mlp,2026-03,2.3093009999999996,0.0,0.0,False,0.0,0.0,external_power_zero,Ekofisk,,False,0.0,0.0,0.0,0.0,0.0,0.0,0.0,0.0,0.0,0.0,0.0,0.0,0.0,0.0,0.0
2042-07,2042-07-01,global_mlp,2026-03,2.3093009999999996,0.0,0.0,False,0.0,0.0,external_power_zero,Ekofisk,,False,0.0,0.0,0.0,0.0,0.0,0.0,0.0,0.0,0.0,0.0,0.0,0.0,0.0,0.0,0.0
2042-08,2042-08-01,global_mlp,2026-03,2.3093009999999996,0.0,0.0,False,0.0,0.0,external_power_zero,Ekofisk,,False,0.0,0.0,0.0,0.0,0.0,0.0,0.0,0.0,0.0,0.0,0.0,0.0,0.0,0.0,0.0
2042-09,2042-09-01,global_mlp,2026-03,2.3093009999999996,0.0,0.0,False,0.0,0.0,external_power_zero,Ekofisk,,False,0.0,0.0,0.0,0.0,0.0,0.0,0.0,0.0,0.0,0.0,0.0,0.0,0.0,0.0,0.0
2042-10,2042-10-01,global_mlp,2026-03,2.3093009999999996,0.0,0.0,False,0.0,0.0,external_power_zero,Ekofisk,,False,0.0,0.0,0.0,0.0,0.0,0.0,0.0,0.0,0.0,0.0,0.0,0.0,0.0,0.0,0.0
2042-11,2042-11-01,global_mlp,2026-03,2.3093009999999996,0.0,0.0,False,0.0,0.0,external_power_zero,Ekofisk,,False,0.0,0.0,0.0,0.0,0.0,0.0,0.0,0.0,0.0,0.0,0.0,0.0,0.0,0.0,0.0
2042-12,2042-12-01,global_mlp,2026-03,2.3093009999999996,0.0,0.0,False,0.0,0.0,external_power_zero,Ekofisk,,False,0.0,0.0,0.0,0.0,0.0,0.0,0.0,0.0,0.0,0.0,0.0,0.0,0.0,0.0,0.0
2043-01,2043-01-01,global_mlp,2026-03,2.3093009999999996,0.0,0.0,False,0.0,0.0,external_power_zero,Ekofisk,,False,0.0,0.0,0.0,0.0,0.0,0.0,0.0,0.0,0.0,0.0,0.0,0.0,0.0,0.0,0.0
2043-02,2043-02-01,global_mlp,2026-03,2.3093009999999996,0.0,0.0,False,0.0,0.0,external_power_zero,Ekofisk,,False,0.0,0.0,0.0,0.0,0.0,0.0,0.0,0.0,0.0,0.0,0.0,0.0,0.0,0.0,0.0
2043-03,2043-03-01,global_mlp,2026-03,2.3093009999999996,0.0,0.0,False,0.0,0.0,external_power_zero,Ekofisk,,False,0.0,0.0,0.0,0.0,0.0,0.0,0.0,0.0,0.0,0.0,0.0,0.0,0.0,0.0,0.0
2043-04,2043-04-01,global_mlp,2026-03,2.3093009999999996,0.0,0.0,False,0.0,0.0,external_power_zero,Ekofisk,,False,0.0,0.0,0.0,0.0,0.0,0.0,0.0,0.0,0.0,0.0,0.0,0.0,0.0,0.0,0.0
2043-05,2043-05-01,global_mlp,2026-03,2.3093009999999996,0.0,0.0,False,0.0,0.0,external_power_zero,Ekofisk,,False,0.0,0.0,0.0,0.0,0.0,0.0,0.0,0.0,0.0,0.0,0.0,0.0,0.0,0.0,0.0
2043-06,2043-06-01,global_mlp,2026-03,2.3093009999999996,0.0,0.0,False,0.0,0.0,external_power_zero,Ekofisk,,False,0.0,0.0,0.0,0.0,0.0,0.0,0.0,0.0,0.0,0.0,0.0,0.0,0.0,0.0,0.0
2043-07,2043-07-01,global_mlp,2026-03,2.3093009999999996,0.0,0.0,False,0.0,0.0,external_power_zero,Ekofisk,,False,0.0,0.0,0.0,0.0,0.0,0.0,0.0,0.0,0.0,0.0,0.0,0.0,0.0,0.0,0.0
2043-08,2043-08-01,global_mlp,2026-03,2.3093009999999996,0.0,0.0,False,0.0,0.0,external_power_zero,Ekofisk,,False,0.0,0.0,0.0,0.0,0.0,0.0,0.0,0.0,0.0,0.0,0.0,0.0,0.0,0.0,0.0
2043-09,2043-09-01,global_mlp,2026-03,2.3093009999999996,0.0,0.0,False,0.0,0.0,external_power_zero,Ekofisk,,False,0.0,0.0,0.0,0.0,0.0,0.0,0.0,0.0,0.0,0.0,0.0,0.0,0.0,0.0,0.0
2043-10,2043-10-01,global_mlp,2026-03,2.3093009999999996,0.0,0.0,False,0.0,0.0,external_power_zero,Ekofisk,,False,0.0,0.0,0.0,0.0,0.0,0.0,0.0,0.0,0.0,0.0,0.0,0.0,0.0,0.0,0.0
2043-11,2043-11-01,global_mlp,2026-03,2.3093009999999996,0.0,0.0,False,0.0,0.0,external_power_zero,Ekofisk,,False,0.0,0.0,0.0,0.0,0.0,0.0,0.0,0.0,0.0,0.0,0.0,0.0,0.0,0.0,0.0
2043-12,2043-12-01,global_mlp,2026-03,2.3093009999999996,0.0,0.0,False,0.0,0.0,external_power_zero,Ekofisk,,False,0.0,0.0,0.0,0.0,0.0,0.0,0.0,0.0,0.0,0.0,0.0,0.0,0.0,0.0,0.0
2044-01,2044-01-01,global_mlp,2026-03,2.3093009999999996,0.0,0.0,False,0.0,0.0,external_power_zero,Ekofisk,,False,0.0,0.0,0.0,0.0,0.0,0.0,0.0,0.0,0.0,0.0,0.0,0.0,0.0,0.0,0.0
2044-02,2044-02-01,global_mlp,2026-03,2.3093009999999996,0.0,0.0,False,0.0,0.0,external_power_zero,Ekofisk,,False,0.0,0.0,0.0,0.0,0.0,0.0,0.0,0.0,0.0,0.0,0.0,0.0,0.0,0.0,0.0
2044-03,2044-03-01,global_mlp,2026-03,2.3093009999999996,0.0,0.0,False,0.0,0.0,external_power_zero,Ekofisk,,False,0.0,0.0,0.0,0.0,0.0,0.0,0.0,0.0,0.0,0.0,0.0,0.0,0.0,0.0,0.0
2044-04,2044-04-01,global_mlp,2026-03,2.3093009999999996,0.0,0.0,False,0.0,0.0,external_power_zero,Ekofisk,,False,0.0,0.0,0.0,0.0,0.0,0.0,0.0,0.0,0.0,0.0,0.0,0.0,0.0,0.0,0.0
2044-05,2044-05-01,global_mlp,2026-03,2.3093009999999996,0.0,0.0,False,0.0,0.0,external_power_zero,Ekofisk,,False,0.0,0.0,0.0,0.0,0.0,0.0,0.0,0.0,0.0,0.0,0.0,0.0,0.0,0.0,0.0
2044-06,2044-06-01,global_mlp,2026-03,2.3093009999999996,0.0,0.0,False,0.0,0.0,external_power_zero,Ekofisk,,False,0.0,0.0,0.0,0.0,0.0,0.0,0.0,0.0,0.0,0.0,0.0,0.0,0.0,0.0,0.0
2044-07,2044-07-01,global_mlp,2026-03,2.3093009999999996,0.0,0.0,False,0.0,0.0,external_power_zero,Ekofisk,,False,0.0,0.0,0.0,0.0,0.0,0.0,0.0,0.0,0.0,0.0,0.0,0.0,0.0,0.0,0.0
2044-08,2044-08-01,global_mlp,2026-03,2.3093009999999996,0.0,0.0,False,0.0,0.0,external_power_zero,Ekofisk,,False,0.0,0.0,0.0,0.0,0.0,0.0,0.0,0.0,0.0,0.0,0.0,0.0,0.0,0.0,0.0
2044-09,2044-09-01,global_mlp,2026-03,2.3093009999999996,0.0,0.0,False,0.0,0.0,external_power_zero,Ekofisk,,False,0.0,0.0,0.0,0.0,0.0,0.0,0.0,0.0,0.0,0.0,0.0,0.0,0.0,0.0,0.0
2044-10,2044-10-01,global_mlp,2026-03,2.3093009999999996,0.0,0.0,False,0.0,0.0,external_power_zero,Ekofisk,,False,0.0,0.0,0.0,0.0,0.0,0.0,0.0,0.0,0.0,0.0,0.0,0.0,0.0,0.0,0.0
2044-11,2044-11-01,global_mlp,2026-03,2.3093009999999996,0.0,0.0,False,0.0,0.0,external_power_zero,Ekofisk,,False,0.0,0.0,0.0,0.0,0.0,0.0,0.0,0.0,0.0,0.0,0.0,0.0,0.0,0.0,0.0
2044-12,2044-12-01,global_mlp,2026-03,2.3093009999999996,0.0,0.0,False,0.0,0.0,external_power_zero,Ekofisk,,False,0.0,0.0,0.0,0.0,0.0,0.0,0.0,0.0,0.0,0.0,0.0,0.0,0.0,0.0,0.0
2045-01,2045-01-01,global_mlp,2026-03,2.3093009999999996,0.0,0.0,False,0.0,0.0,external_power_zero,Ekofisk,,False,0.0,0.0,0.0,0.0,0.0,0.0,0.0,0.0,0.0,0.0,0.0,0.0,0.0,0.0,0.0
2045-02,2045-02-01,global_mlp,2026-03,2.3093009999999996,0.0,0.0,False,0.0,0.0,external_power_zero,Ekofisk,,False,0.0,0.0,0.0,0.0,0.0,0.0,0.0,0.0,0.0,0.0,0.0,0.0,0.0,0.0,0.0
2045-03,2045-03-01,global_mlp,2026-03,2.3093009999999996,0.0,0.0,False,0.0,0.0,external_power_zero,Ekofisk,,False,0.0,0.0,0.0,0.0,0.0,0.0,0.0,0.0,0.0,0.0,0.0,0.0,0.0,0.0,0.0
2045-04,2045-04-01,global_mlp,2026-03,2.3093009999999996,0.0,0.0,False,0.0,0.0,external_power_zero,Ekofisk,,False,0.0,0.0,0.0,0.0,0.0,0.0,0.0,0.0,0.0,0.0,0.0,0.0,0.0,0.0,0.0
2045-05,2045-05-01,global_mlp,2026-03,2.3093009999999996,0.0,0.0,False,0.0,0.0,external_power_zero,Ekofisk,,False,0.0,0.0,0.0,0.0,0.0,0.0,0.0,0.0,0.0,0.0,0.0,0.0,0.0,0.0,0.0
2045-06,2045-06-01,global_mlp,2026-03,2.3093009999999996,0.0,0.0,False,0.0,0.0,external_power_zero,Ekofisk,,False,0.0,0.0,0.0,0.0,0.0,0.0,0.0,0.0,0.0,0.0,0.0,0.0,0.0,0.0,0.0
2045-07,2045-07-01,global_mlp,2026-03,2.3093009999999996,0.0,0.0,False,0.0,0.0,external_power_zero,Ekofisk,,False,0.0,0.0,0.0,0.0,0.0,0.0,0.0,0.0,0.0,0.0,0.0,0.0,0.0,0.0,0.0
2045-08,2045-08-01,global_mlp,2026-03,2.3093009999999996,0.0,0.0,False,0.0,0.0,external_power_zero,Ekofisk,,False,0.0,0.0,0.0,0.0,0.0,0.0,0.0,0.0,0.0,0.0,0.0,0.0,0.0,0.0,0.0
2045-09,2045-09-01,global_mlp,2026-03,2.3093009999999996,0.0,0.0,False,0.0,0.0,external_power_zero,Ekofisk,,False,0.0,0.0,0.0,0.0,0.0,0.0,0.0,0.0,0.0,0.0,0.0,0.0,0.0,0.0,0.0
2045-10,2045-10-01,global_mlp,2026-03,2.3093009999999996,0.0,0.0,False,0.0,0.0,external_power_zero,Ekofisk,,False,0.0,0.0,0.0,0.0,0.0,0.0,0.0,0.0,0.0,0.0,0.0,0.0,0.0,0.0,0.0
2045-11,2045-11-01,global_mlp,2026-03,2.3093009999999996,0.0,0.0,False,0.0,0.0,external_power_zero,Ekofisk,,False,0.0,0.0,0.0,0.0,0.0,0.0,0.0,0.0,0.0,0.0,0.0,0.0,0.0,0.0,0.0
2045-12,2045-12-01,global_mlp,2026-03,2.3093009999999996,0.0,0.0,False,0.0,0.0,external_power_zero,Ekofisk,,False,0.0,0.0,0.0,0.0,0.0,0.0,0.0,0.0,0.0,0.0,0.0,0.0,0.0,0.0,0.0
2046-01,2046-01-01,global_mlp,2026-03,2.3093009999999996,0.0,0.0,False,0.0,0.0,external_power_zero,Ekofisk,,False,0.0,0.0,0.0,0.0,0.0,0.0,0.0,0.0,0.0,0.0,0.0,0.0,0.0,0.0,0.0
2046-02,2046-02-01,global_mlp,2026-03,2.3093009999999996,0.0,0.0,False,0.0,0.0,external_power_zero,Ekofisk,,False,0.0,0.0,0.0,0.0,0.0,0.0,0.0,0.0,0.0,0.0,0.0,0.0,0.0,0.0,0.0
2046-03,2046-03-01,global_mlp,2026-03,2.3093009999999996,0.0,0.0,False,0.0,0.0,external_power_zero,Ekofisk,,False,0.0,0.0,0.0,0.0,0.0,0.0,0.0,0.0,0.0,0.0,0.0,0.0,0.0,0.0,0.0
2046-04,2046-04-01,global_mlp,2026-03,2.3093009999999996,0.0,0.0,False,0.0,0.0,external_power_zero,Ekofisk,,False,0.0,0.0,0.0,0.0,0.0,0.0,0.0,0.0,0.0,0.0,0.0,0.0,0.0,0.0,0.0
2046-05,2046-05-01,global_mlp,2026-03,2.3093009999999996,0.0,0.0,False,0.0,0.0,external_power_zero,Ekofisk,,False,0.0,0.0,0.0,0.0,0.0,0.0,0.0,0.0,0.0,0.0,0.0,0.0,0.0,0.0,0.0
2046-06,2046-06-01,global_mlp,2026-03,2.3093009999999996,0.0,0.0,False,0.0,0.0,external_power_zero,Ekofisk,,False,0.0,0.0,0.0,0.0,0.0,0.0,0.0,0.0,0.0,0.0,0.0,0.0,0.0,0.0,0.0
2046-07,2046-07-01,global_mlp,2026-03,2.3093009999999996,0.0,0.0,False,0.0,0.0,external_power_zero,Ekofisk,,False,0.0,0.0,0.0,0.0,0.0,0.0,0.0,0.0,0.0,0.0,0.0,0.0,0.0,0.0,0.0
2046-08,2046-08-01,global_mlp,2026-03,2.3093009999999996,0.0,0.0,False,0.0,0.0,external_power_zero,Ekofisk,,False,0.0,0.0,0.0,0.0,0.0,0.0,0.0,0.0,0.0,0.0,0.0,0.0,0.0,0.0,0.0
2046-09,2046-09-01,global_mlp,2026-03,2.3093009999999996,0.0,0.0,False,0.0,0.0,external_power_zero,Ekofisk,,False,0.0,0.0,0.0,0.0,0.0,0.0,0.0,0.0,0.0,0.0,0.0,0.0,0.0,0.0,0.0
2046-10,2046-10-01,global_mlp,2026-03,2.3093009999999996,0.0,0.0,False,0.0,0.0,external_power_zero,Ekofisk,,False,0.0,0.0,0.0,0.0,0.0,0.0,0.0,0.0,0.0,0.0,0.0,0.0,0.0,0.0,0.0
2046-11,2046-11-01,global_mlp,2026-03,2.3093009999999996,0.0,0.0,False,0.0,0.0,external_power_zero,Ekofisk,,False,0.0,0.0,0.0,0.0,0.0,0.0,0.0,0.0,0.0,0.0,0.0,0.0,0.0,0.0,0.0
2046-12,2046-12-01,global_mlp,2026-03,2.3093009999999996,0.0,0.0,False,0.0,0.0,external_power_zero,Ekofisk,,False,0.0,0.0,0.0,0.0,0.0,0.0,0.0,0.0,0.0,0.0,0.0,0.0,0.0,0.0,0.0
2047-01,2047-01-01,global_mlp,2026-03,2.3093009999999996,0.0,0.0,False,0.0,0.0,external_power_zero,Ekofisk,,False,0.0,0.0,0.0,0.0,0.0,0.0,0.0,0.0,0.0,0.0,0.0,0.0,0.0,0.0,0.0
2047-02,2047-02-01,global_mlp,2026-03,2.3093009999999996,0.0,0.0,False,0.0,0.0,external_power_zero,Ekofisk,,False,0.0,0.0,0.0,0.0,0.0,0.0,0.0,0.0,0.0,0.0,0.0,0.0,0.0,0.0,0.0
2047-03,2047-03-01,global_mlp,2026-03,2.3093009999999996,0.0,0.0,False,0.0,0.0,external_power_zero,Ekofisk,,False,0.0,0.0,0.0,0.0,0.0,0.0,0.0,0.0,0.0,0.0,0.0,0.0,0.0,0.0,0.0
2047-04,2047-04-01,global_mlp,2026-03,2.3093009999999996,0.0,0.0,False,0.0,0.0,external_power_zero,Ekofisk,,False,0.0,0.0,0.0,0.0,0.0,0.0,0.0,0.0,0.0,0.0,0.0,0.0,0.0,0.0,0.0
2047-05,2047-05-01,global_mlp,2026-03,2.3093009999999996,0.0,0.0,False,0.0,0.0,external_power_zero,Ekofisk,,False,0.0,0.0,0.0,0.0,0.0,0.0,0.0,0.0,0.0,0.0,0.0,0.0,0.0,0.0,0.0
2047-06,2047-06-01,global_mlp,2026-03,2.3093009999999996,0.0,0.0,False,0.0,0.0,external_power_zero,Ekofisk,,False,0.0,0.0,0.0,0.0,0.0,0.0,0.0,0.0,0.0,0.0,0.0,0.0,0.0,0.0,0.0
2047-07,2047-07-01,global_mlp,2026-03,2.3093009999999996,0.0,0.0,False,0.0,0.0,external_power_zero,Ekofisk,,False,0.0,0.0,0.0,0.0,0.0,0.0,0.0,0.0,0.0,0.0,0.0,0.0,0.0,0.0,0.0
2047-08,2047-08-01,global_mlp,2026-03,2.3093009999999996,0.0,0.0,False,0.0,0.0,external_power_zero,Ekofisk,,False,0.0,0.0,0.0,0.0,0.0,0.0,0.0,0.0,0.0,0.0,0.0,0.0,0.0,0.0,0.0
2047-09,2047-09-01,global_mlp,2026-03,2.3093009999999996,0.0,0.0,False,0.0,0.0,external_power_zero,Ekofisk,,False,0.0,0.0,0.0,0.0,0.0,0.0,0.0,0.0,0.0,0.0,0.0,0.0,0.0,0.0,0.0
2047-10,2047-10-01,global_mlp,2026-03,2.3093009999999996,0.0,0.0,False,0.0,0.0,external_power_zero,Ekofisk,,False,0.0,0.0,0.0,0.0,0.0,0.0,0.0,0.0,0.0,0.0,0.0,0.0,0.0,0.0,0.0
2047-11,2047-11-01,global_mlp,2026-03,2.3093009999999996,0.0,0.0,False,0.0,0.0,external_power_zero,Ekofisk,,False,0.0,0.0,0.0,0.0,0.0,0.0,0.0,0.0,0.0,0.0,0.0,0.0,0.0,0.0,0.0
2047-12,2047-12-01,global_mlp,2026-03,2.3093009999999996,0.0,0.0,False,0.0,0.0,external_power_zero,Ekofisk,,False,0.0,0.0,0.0,0.0,0.0,0.0,0.0,0.0,0.0,0.0,0.0,0.0,0.0,0.0,0.0
2048-01,2048-01-01,global_mlp,2026-03,2.3093009999999996,0.0,0.0,False,0.0,0.0,external_power_zero,Ekofisk,,False,0.0,0.0,0.0,0.0,0.0,0.0,0.0,0.0,0.0,0.0,0.0,0.0,0.0,0.0,0.0
2048-02,2048-02-01,global_mlp,2026-03,2.3093009999999996,0.0,0.0,False,0.0,0.0,external_power_zero,Ekofisk,,False,0.0,0.0,0.0,0.0,0.0,0.0,0.0,0.0,0.0,0.0,0.0,0.0,0.0,0.0,0.0
2048-03,2048-03-01,global_mlp,2026-03,2.3093009999999996,0.0,0.0,False,0.0,0.0,external_power_zero,Ekofisk,,False,0.0,0.0,0.0,0.0,0.0,0.0,0.0,0.0,0.0,0.0,0.0,0.0,0.0,0.0,0.0
2048-04,2048-04-01,global_mlp,2026-03,2.3093009999999996,0.0,0.0,False,0.0,0.0,external_power_zero,Ekofisk,,False,0.0,0.0,0.0,0.0,0.0,0.0,0.0,0.0,0.0,0.0,0.0,0.0,0.0,0.0,0.0
2048-05,2048-05-01,global_mlp,2026-03,2.3093009999999996,0.0,0.0,False,0.0,0.0,external_power_zero,Ekofisk,,False,0.0,0.0,0.0,0.0,0.0,0.0,0.0,0.0,0.0,0.0,0.0,0.0,0.0,0.0,0.0
2048-06,2048-06-01,global_mlp,2026-03,2.3093009999999996,0.0,0.0,False,0.0,0.0,external_power_zero,Ekofisk,,False,0.0,0.0,0.0,0.0,0.0,0.0,0.0,0.0,0.0,0.0,0.0,0.0,0.0,0.0,0.0
2048-07,2048-07-01,global_mlp,2026-03,2.3093009999999996,0.0,0.0,False,0.0,0.0,external_power_zero,Ekofisk,,False,0.0,0.0,0.0,0.0,0.0,0.0,0.0,0.0,0.0,0.0,0.0,0.0,0.0,0.0,0.0
2048-08,2048-08-01,global_mlp,2026-03,2.3093009999999996,0.0,0.0,False,0.0,0.0,external_power_zero,Ekofisk,,False,0.0,0.0,0.0,0.0,0.0,0.0,0.0,0.0,0.0,0.0,0.0,0.0,0.0,0.0,0.0
2048-09,2048-09-01,global_mlp,2026-03,2.3093009999999996,0.0,0.0,False,0.0,0.0,external_power_zero,Ekofisk,,False,0.0,0.0,0.0,0.0,0.0,0.0,0.0,0.0,0.0,0.0,0.0,0.0,0.0,0.0,0.0
2048-10,2048-10-01,global_mlp,2026-03,2.3093009999999996,0.0,0.0,False,0.0,0.0,external_power_zero,Ekofisk,,False,0.0,0.0,0.0,0.0,0.0,0.0,0.0,0.0,0.0,0.0,0.0,0.0,0.0,0.0,0.0
2048-11,2048-11-01,global_mlp,2026-03,2.3093009999999996,0.0,0.0,False,0.0,0.0,external_power_zero,Ekofisk,,False,0.0,0.0,0.0,0.0,0.0,0.0,0.0,0.0,0.0,0.0,0.0,0.0,0.0,0.0,0.0
2048-12,2048-12-01,global_mlp,2026-03,2.3093009999999996,0.0,0.0,False,0.0,0.0,external_power_zero,Ekofisk,,False,0.0,0.0,0.0,0.0,0.0,0.0,0.0,0.0,0.0,0.0,0.0,0.0,0.0,0.0,0.0
2049-01,2049-01-01,global_mlp,2026-03,2.3093009999999996,0.0,0.0,False,0.0,0.0,external_power_zero,Ekofisk,,False,0.0,0.0,0.0,0.0,0.0,0.0,0.0,0.0,0.0,0.0,0.0,0.0,0.0,0.0,0.0
2049-02,2049-02-01,global_mlp,2026-03,2.3093009999999996,0.0,0.0,False,0.0,0.0,external_power_zero,Ekofisk,,False,0.0,0.0,0.0,0.0,0.0,0.0,0.0,0.0,0.0,0.0,0.0,0.0,0.0,0.0,0.0
2049-03,2049-03-01,global_mlp,2026-03,2.3093009999999996,0.0,0.0,False,0.0,0.0,external_power_zero,Ekofisk,,False,0.0,0.0,0.0,0.0,0.0,0.0,0.0,0.0,0.0,0.0,0.0,0.0,0.0,0.0,0.0
2049-04,2049-04-01,global_mlp,2026-03,2.3093009999999996,0.0,0.0,False,0.0,0.0,external_power_zero,Ekofisk,,False,0.0,0.0,0.0,0.0,0.0,0.0,0.0,0.0,0.0,0.0,0.0,0.0,0.0,0.0,0.0
2049-05,2049-05-01,global_mlp,2026-03,2.3093009999999996,0.0,0.0,False,0.0,0.0,external_power_zero,Ekofisk,,False,0.0,0.0,0.0,0.0,0.0,0.0,0.0,0.0,0.0,0.0,0.0,0.0,0.0,0.0,0.0
2049-06,2049-06-01,global_mlp,2026-03,2.3093009999999996,0.0,0.0,False,0.0,0.0,external_power_zero,Ekofisk,,False,0.0,0.0,0.0,0.0,0.0,0.0,0.0,0.0,0.0,0.0,0.0,0.0,0.0,0.0,0.0
2049-07,2049-07-01,global_mlp,2026-03,2.3093009999999996,0.0,0.0,False,0.0,0.0,external_power_zero,Ekofisk,,False,0.0,0.0,0.0,0.0,0.0,0.0,0.0,0.0,0.0,0.0,0.0,0.0,0.0,0.0,0.0
2049-08,2049-08-01,global_mlp,2026-03,2.3093009999999996,0.0,0.0,False,0.0,0.0,external_power_zero,Ekofisk,,False,0.0,0.0,0.0,0.0,0.0,0.0,0.0,0.0,0.0,0.0,0.0,0.0,0.0,0.0,0.0
2049-09,2049-09-01,global_mlp,2026-03,2.3093009999999996,0.0,0.0,False,0.0,0.0,external_power_zero,Ekofisk,,False,0.0,0.0,0.0,0.0,0.0,0.0,0.0,0.0,0.0,0.0,0.0,0.0,0.0,0.0,0.0
2049-10,2049-10-01,global_mlp,2026-03,2.3093009999999996,0.0,0.0,False,0.0,0.0,external_power_zero,Ekofisk,,False,0.0,0.0,0.0,0.0,0.0,0.0,0.0,0.0,0.0,0.0,0.0,0.0,0.0,0.0,0.0
2049-11,2049-11-01,global_mlp,2026-03,2.3093009999999996,0.0,0.0,False,0.0,0.0,external_power_zero,Ekofisk,,False,0.0,0.0,0.0,0.0,0.0,0.0,0.0,0.0,0.0,0.0,0.0,0.0,0.0,0.0,0.0
2049-12,2049-12-01,global_mlp,2026-03,2.3093009999999996,0.0,0.0,False,0.0,0.0,external_power_zero,Ekofisk,,False,0.0,0.0,0.0,0.0,0.0,0.0,0.0,0.0,0.0,0.0,0.0,0.0,0.0,0.0,0.0
2050-01,2050-01-01,global_mlp,2026-03,2.3093009999999996,0.0,0.0,False,0.0,0.0,external_power_zero,Ekofisk,,False,0.0,0.0,0.0,0.0,0.0,0.0,0.0,0.0,0.0,0.0,0.0,0.0,0.0,0.0,0.0
2050-02,2050-02-01,global_mlp,2026-03,2.3093009999999996,0.0,0.0,False,0.0,0.0,external_power_zero,Ekofisk,,False,0.0,0.0,0.0,0.0,0.0,0.0,0.0,0.0,0.0,0.0,0.0,0.0,0.0,0.0,0.0
2050-03,2050-03-01,global_mlp,2026-03,2.3093009999999996,0.0,0.0,False,0.0,0.0,external_power_zero,Ekofisk,,False,0.0,0.0,0.0,0.0,0.0,0.0,0.0,0.0,0.0,0.0,0.0,0.0,0.0,0.0,0.0
2050-04,2050-04-01,global_mlp,2026-03,2.3093009999999996,0.0,0.0,False,0.0,0.0,external_power_zero,Ekofisk,,False,0.0,0.0,0.0,0.0,0.0,0.0,0.0,0.0,0.0,0.0,0.0,0.0,0.0,0.0,0.0
2050-05,2050-05-01,global_mlp,2026-03,2.3093009999999996,0.0,0.0,False,0.0,0.0,external_power_zero,Ekofisk,,False,0.0,0.0,0.0,0.0,0.0,0.0,0.0,0.0,0.0,0.0,0.0,0.0,0.0,0.0,0.0
2050-06,2050-06-01,global_mlp,2026-03,2.3093009999999996,0.0,0.0,False,0.0,0.0,external_power_zero,Ekofisk,,False,0.0,0.0,0.0,0.0,0.0,0.0,0.0,0.0,0.0,0.0,0.0,0.0,0.0,0.0,0.0
2050-07,2050-07-01,global_mlp,2026-03,2.3093009999999996,0.0,0.0,False,0.0,0.0,external_power_zero,Ekofisk,,False,0.0,0.0,0.0,0.0,0.0,0.0,0.0,0.0,0.0,0.0,0.0,0.0,0.0,0.0,0.0
2050-08,2050-08-01,global_mlp,2026-03,2.3093009999999996,0.0,0.0,False,0.0,0.0,external_power_zero,Ekofisk,,False,0.0,0.0,0.0,0.0,0.0,0.0,0.0,0.0,0.0,0.0,0.0,0.0,0.0,0.0,0.0
2050-09,2050-09-01,global_mlp,2026-03,2.3093009999999996,0.0,0.0,False,0.0,0.0,external_power_zero,Ekofisk,,False,0.0,0.0,0.0,0.0,0.0,0.0,0.0,0.0,0.0,0.0,0.0,0.0,0.0,0.0,0.0
2050-10,2050-10-01,global_mlp,2026-03,2.3093009999999996,0.0,0.0,False,0.0,0.0,external_power_zero,Ekofisk,,False,0.0,0.0,0.0,0.0,0.0,0.0,0.0,0.0,0.0,0.0,0.0,0.0,0.0,0.0,0.0
2050-11,2050-11-01,global_mlp,2026-03,2.3093009999999996,0.0,0.0,False,0.0,0.0,external_power_zero,Ekofisk,,False,0.0,0.0,0.0,0.0,0.0,0.0,0.0,0.0,0.0,0.0,0.0,0.0,0.0,0.0,0.0
2050-12,2050-12-01,global_mlp,2026-03,2.3093009999999996,0.0,0.0,False,0.0,0.0,external_power_zero,Ekofisk,,False,0.0,0.0,0.0,0.0,0.0,0.0,0.0,0.0,0.0,0.0,0.0,0.0,0.0,0.0,0.0
2051-01,2051-01-01,global_mlp,2026-03,2.3093009999999996,0.0,0.0,False,0.0,0.0,external_power_zero,Ekofisk,,False,0.0,0.0,0.0,0.0,0.0,0.0,0.0,0.0,0.0,0.0,0.0,0.0,0.0,0.0,0.0
2051-02,2051-02-01,global_mlp,2026-03,2.3093009999999996,0.0,0.0,False,0.0,0.0,external_power_zero,Ekofisk,,False,0.0,0.0,0.0,0.0,0.0,0.0,0.0,0.0,0.0,0.0,0.0,0.0,0.0,0.0,0.0
2051-03,2051-03-01,global_mlp,2026-03,2.3093009999999996,0.0,0.0,False,0.0,0.0,external_power_zero,Ekofisk,,False,0.0,0.0,0.0,0.0,0.0,0.0,0.0,0.0,0.0,0.0,0.0,0.0,0.0,0.0,0.0
